,Runs,BF,Pos,Dismissal,Opposition,Dismissed,Ground,Start Date,Date,DisType,Tally,Ave,rolling10,rolling20,rolling30,rolling40,rolling50,rolling70,rolling100,Name
0,57,123,6,1,v Australia,1,Manchester,8 Jun 1972,1972,lbw,57,57.0,,,,,,,,AW Greig
1,62,116,6,2,v Australia,1,Manchester,8 Jun 1972,1972,bowled,119,59.5,,,,,,,,AW Greig
2,54,117,6,3,v Australia,1,Lord's,22 Jun 1972,1972,caught,173,57.67,,,,,,,,AW Greig
3,3,11,6,4,v Australia,1,Lord's,22 Jun 1972,1972,caught,176,44.0,,,,,,,,AW Greig
4,7,23,7,5,v Australia,1,Nottingham,13 Jul 1972,1972,caught,183,36.6,,,,,,,,AW Greig
5,36,144,6,5,v Australia,0,Nottingham,13 Jul 1972,1972,not out,219,43.8,,,,,,,,AW Greig
6,24,88,6,6,v Australia,1,Leeds,27 Jul 1972,1972,caught,243,40.5,,,,,,,,AW Greig
7,16,25,6,7,v Australia,1,The Oval,10 Aug 1972,1972,caught,259,37.0,,,,,,,,AW Greig
8,29,72,6,8,v Australia,1,The Oval,10 Aug 1972,1972,caught,288,36.0,,,,,,,,AW Greig
9,68,242,6,8,v India,0,Delhi,20 Dec 1972,1972,not out,356,44.5,44.5,,,,,,,AW Greig
10,40,120,6,8,v India,0,Delhi,20 Dec 1972,1972,not out,396,49.5,48.42857142857143,,,,,,,AW Greig
11,29,78,6,9,v India,1,Kolkata,30 Dec 1972,1972,caught,425,47.22,43.714285714285715,,,,,,,AW Greig
12,67,135,6,10,v India,1,Kolkata,30 Dec 1972,1972,lbw,492,49.2,45.57142857142857,,,,,,,AW Greig
13,17,28,6,11,v India,1,Chennai,12 Jan 1973,1973,lbw,509,46.27,47.57142857142857,,,,,,,AW Greig
14,5,22,6,12,v India,1,Chennai,12 Jan 1973,1973,caught,514,42.83,47.28571428571429,,,,,,,AW Greig
15,8,50,6,13,v India,1,Kanpur,25 Jan 1973,1973,caught,522,40.15,37.875,,,,,,,AW Greig
16,148,291,6,14,v India,1,Mumbai (BS),6 Feb 1973,1973,lbw,670,47.86,53.375,,,,,,,AW Greig
17,41,0,6,15,v Pakistan,1,Lahore,2 Mar 1973,1973,caught,711,47.4,56.5,,,,,,,AW Greig
18,72,0,6,16,v Pakistan,1,Lahore,2 Mar 1973,1973,caught,783,48.94,61.875,,,,,,,AW Greig
19,36,0,6,17,v Pakistan,1,Hyderabad (Sind),16 Mar 1973,1973,bowled,819,48.18,51.444444444444436,48.17647058823529,,,,,,AW Greig
20,64,0,6,18,v Pakistan,1,Hyderabad (Sind),16 Mar 1973,1973,caught,883,49.06,48.7,48.58823529411765,,,,,,AW Greig
21,48,0,7,19,v Pakistan,1,Karachi,24 Mar 1973,1973,bowled,931,49.0,50.6,47.764705882352935,,,,,,AW Greig
22,2,12,6,20,v New Zealand,1,Nottingham,7 Jun 1973,1973,caught,933,46.65,44.1,44.70588235294117,,,,,,AW Greig
23,139,178,6,21,v New Zealand,1,Nottingham,7 Jun 1973,1973,lbw,1072,51.05,56.3,52.70588235294117,,,,,,AW Greig
24,63,95,5,22,v New Zealand,1,Lord's,21 Jun 1973,1973,caught,1135,51.59,62.1,56.0,,,,,,AW Greig
25,12,38,5,23,v New Zealand,1,Lord's,21 Jun 1973,1973,caught,1147,49.87,62.5,51.555555555555564,,,,,,AW Greig
26,0,2,5,24,v New Zealand,1,Leeds,5 Jul 1973,1973,caught,1147,47.79,47.7,50.22222222222222,,,,,,AW Greig
27,38,91,6,25,v West Indies,1,The Oval,26 Jul 1973,1973,caught,1185,47.4,47.4,51.444444444444436,,,,,,AW Greig
28,0,20,6,26,v West Indies,1,The Oval,26 Jul 1973,1973,caught,1185,45.58,40.2,49.83333333333334,,,,,,AW Greig
29,27,84,5,27,v West Indies,1,Birmingham,9 Aug 1973,1973,caught,1212,44.89,39.3,45.05263157894736,44.88888888888889,,,,,AW Greig
30,44,91,6,28,v West Indies,1,Lord's,23 Aug 1973,1973,caught,1256,44.86,37.3,43.0,44.407407407407405,,,,,AW Greig
31,13,19,7,29,v West Indies,1,Lord's,23 Aug 1973,1973,lbw,1269,43.76,33.8,42.2,42.5925925925926,,,,,AW Greig
32,37,79,6,30,v West Indies,1,Port of Spain,2 Feb 1974,1974,caught,1306,43.53,37.3,40.7,41.96296296296296,,,,,AW Greig
33,20,47,6,31,v West Indies,1,Port of Spain,2 Feb 1974,1974,bowled,1326,42.77,25.4,40.85,42.5925925925926,,,,,AW Greig
34,45,77,6,32,v West Indies,1,Kingston,16 Feb 1974,1974,caught,1371,42.84,23.6,42.85,44.0,,,,,AW Greig
35,14,48,6,33,v West Indies,1,Kingston,16 Feb 1974,1974,bowled,1385,41.97,23.8,43.15,41.642857142857146,,,,,AW Greig
36,148,320,6,34,v West Indies,1,Bridgetown,6 Mar 1974,1974,caught,1533,45.09,38.6,43.15,46.07142857142857,,,,,AW Greig
37,25,103,6,35,v West Indies,1,Bridgetown,6 Mar 1974,1974,caught,1558,44.51,37.3,42.35,46.39285714285714,,,,,AW Greig
38,121,254,5,36,v West Indies,1,Georgetown,22 Mar 1974,1974,bowled,1679,46.64,49.4,44.8,49.67857142857143,,,,,AW Greig
39,19,30,5,37,v West Indies,1,Port of Spain,30 Mar 1974,1974,lbw,1698,45.89,48.6,43.95,46.27586206896552,45.8918918918919,,,,AW Greig
40,1,10,6,38,v West Indies,1,Port of Spain,30 Mar 1974,1974,caught,1699,44.71,44.3,40.8,43.43333333333333,44.37837837837838,,,,AW Greig
41,53,108,7,39,v India,1,Manchester,6 Jun 1974,1974,caught,1752,44.92,48.3,41.05,44.23333333333333,44.135135135135144,,,,AW Greig
42,106,180,6,40,v India,1,Lord's,20 Jun 1974,1974,caught,1858,46.45,55.2,46.25,45.53333333333333,45.54054054054054,,,,AW Greig
43,37,73,6,41,v Pakistan,1,Leeds,25 Jul 1974,1974,caught,1895,46.22,56.9,41.15,46.2,46.45945945945946,,,,AW Greig
44,12,28,6,42,v Pakistan,1,Leeds,25 Jul 1974,1974,caught,1907,45.4,53.6,38.6,46.43333333333333,46.594594594594604,,,,AW Greig
45,9,27,6,43,v Pakistan,1,Lord's,8 Aug 1974,1974,run out,1916,44.56,53.1,38.45,46.46666666666667,44.657894736842096,,,,AW Greig
46,32,123,7,44,v Pakistan,1,The Oval,22 Aug 1974,1974,bowled,1948,44.27,41.5,40.05,42.6,44.868421052631575,,,,AW Greig
47,110,229,6,45,v Australia,1,Brisbane,29 Nov 1974,1974,caught,2058,45.73,50.0,43.65,44.9,47.342105263157904,,,,AW Greig
48,2,7,6,46,v Australia,1,Brisbane,29 Nov 1974,1974,bowled,2060,44.78,38.1,43.75,42.56666666666667,46.631578947368425,,,,AW Greig
49,23,46,4,47,v Australia,1,Perth,13 Dec 1974,1974,caught,2083,44.32,38.5,43.55,42.13333333333333,44.282051282051285,44.319148936170215,,,AW Greig
50,32,49,4,48,v Australia,1,Perth,13 Dec 1974,1974,caught,2115,44.06,41.6,42.95,41.06666666666667,42.975,43.78723404255321,,,AW Greig
51,28,62,6,49,v Australia,1,Melbourne,26 Dec 1974,1974,run out,2143,43.73,39.1,43.7,40.4,42.95,43.06382978723404,,,AW Greig
52,60,132,6,50,v Australia,1,Melbourne,26 Dec 1974,1974,caught,2203,44.06,34.5,44.85,42.333333333333336,42.775,43.19148936170214,,,AW Greig
53,9,13,6,51,v Australia,1,Sydney,4 Jan 1975,1975,caught,2212,43.37,31.7,44.3,38.0,42.575,43.319148936170215,,,AW Greig
54,54,114,6,52,v Australia,1,Sydney,4 Jan 1975,1975,stumped,2266,43.58,35.9,44.75,37.7,43.8,44.319148936170215,,,AW Greig
55,19,44,6,53,v Australia,1,Adelaide,25 Jan 1975,1975,caught,2285,43.11,36.9,45.0,37.93333333333333,44.075,43.04166666666666,,,AW Greig
56,20,69,6,54,v Australia,1,Adelaide,25 Jan 1975,1975,lbw,2305,42.69,35.7,38.6,38.6,40.875,42.95833333333334,,,AW Greig
57,89,94,6,55,v Australia,1,Melbourne,8 Feb 1975,1975,caught,2394,43.53,33.6,41.8,40.3,42.075,44.47916666666666,,,AW Greig
58,51,95,6,56,v New Zealand,1,Auckland,20 Feb 1975,1975,bowled,2445,43.66,38.5,38.3,42.0,41.55,44.9375,,,AW Greig
59,8,12,6,57,v Australia,1,Birmingham,10 Jul 1975,1975,caught,2453,43.04,37.0,37.75,41.36666666666667,40.85,42.795918367346935,,,AW Greig
60,7,26,6,58,v Australia,1,Birmingham,10 Jul 1975,1975,caught,2460,42.41,34.5,38.05,40.13333333333333,39.425,41.28,,,AW Greig
61,96,129,6,59,v Australia,1,Lord's,31 Jul 1975,1975,caught,2556,43.32,41.3,40.2,42.9,40.625,42.62,,,AW Greig
62,41,42,6,60,v Australia,1,Lord's,31 Jul 1975,1975,caught,2597,43.28,39.4,36.95,43.03333333333333,41.6,42.1,,,AW Greig
63,51,102,6,61,v Australia,1,Leeds,14 Aug 1975,1975,run out,2648,43.41,43.6,37.65,44.06666666666667,39.4,42.78,,,AW Greig
64,49,71,5,62,v Australia,1,Leeds,14 Aug 1975,1975,caught,2697,43.5,43.1,39.5,44.2,39.05,43.66,,,AW Greig
65,17,32,6,63,v Australia,1,The Oval,28 Aug 1975,1975,caught,2714,43.08,42.9,39.9,44.3,39.175,43.84,,,AW Greig
66,15,51,6,64,v Australia,1,The Oval,28 Aug 1975,1975,caught,2729,42.64,42.4,39.05,39.86666666666667,39.55,41.18,,,AW Greig
67,0,7,6,65,v West Indies,1,Nottingham,3 Jun 1976,1976,bowled,2729,41.98,33.5,33.55,39.03333333333333,38.6,40.36,,,AW Greig
68,6,15,6,66,v West Indies,1,Lord's,17 Jun 1976,1976,caught,2735,41.44,29.0,33.75,35.2,38.75,39.04,,,AW Greig
69,20,50,7,67,v West Indies,1,Lord's,17 Jun 1976,1976,caught,2755,41.12,30.2,33.6,35.23333333333333,38.575,38.72,41.119402985074636,,AW Greig
70,9,17,7,68,v West Indies,1,Manchester,8 Jul 1976,1976,bowled,2764,40.65,30.4,32.45,35.5,37.7,37.62,40.40298507462686,,AW Greig
71,3,12,6,69,v West Indies,1,Manchester,8 Jul 1976,1976,bowled,2767,40.1,21.1,31.2,33.833333333333336,37.45,36.72,39.52238805970149,,AW Greig
72,116,264,6,70,v West Indies,1,Leeds,22 Jul 1976,1976,caught,2883,41.19,28.6,34.0,34.166666666666664,39.425,39.0,40.44776119402985,,AW Greig
73,76,102,6,70,v West Indies,0,Leeds,22 Jul 1976,1976,not out,2959,42.27,34.55555555555556,39.31578947368421,36.68965517241379,41.87179487179487,38.51020408163265,42.16666666666666,,AW Greig
74,12,22,6,71,v West Indies,1,The Oval,12 Aug 1976,1976,bowled,2971,41.85,30.444444444444446,37.10526315789474,36.68965517241379,41.02564102564103,37.46938775510204,42.24242424242424,,AW Greig
75,1,4,6,72,v West Indies,1,The Oval,12 Aug 1976,1976,bowled,2972,41.28,28.66666666666667,36.1578947368421,36.413793103448285,40.692307692307686,37.24489795918368,41.089552238805965,,AW Greig
76,25,57,6,73,v India,1,Delhi,17 Dec 1976,1976,lbw,2997,41.05,29.777777777777782,36.42105263157895,36.17241379310345,37.53846153846154,37.755102040816325,41.1044776119403,,AW Greig
77,103,347,6,74,v India,1,Kolkata,1 Jan 1977,1977,lbw,3100,41.89,41.22222222222222,37.1578947368421,35.93103448275862,39.53846153846154,39.08163265306123,42.40298507462686,,AW Greig
78,54,148,6,75,v India,1,Chennai,14 Jan 1977,1977,caught,3154,42.05,46.555555555555564,37.31578947368421,37.72413793103448,37.82051282051282,40.18367346938776,42.776119402985074,,AW Greig
79,41,78,6,76,v India,1,Chennai,14 Jan 1977,1977,lbw,3195,42.04,48.88888888888889,39.05263157894737,38.3448275862069,38.384615384615394,40.46938775510204,41.75,,AW Greig
80,2,2,6,77,v India,1,Bengaluru,28 Jan 1977,1977,caught,3197,41.52,48.111111111111114,38.78947368421053,37.31034482758621,38.4102564102564,39.61224489795919,40.594202898550726,,AW Greig
81,31,67,6,78,v India,1,Bengaluru,28 Jan 1977,1977,stumped,3228,41.38,51.22222222222222,35.368421052631575,37.413793103448285,37.846153846153854,39.979591836734684,40.6231884057971,,AW Greig
82,76,189,5,79,v India,1,Mumbai,11 Feb 1977,1977,bowled,3304,41.82,46.77777777777778,37.21052631578947,37.96551724137932,37.07692307692308,40.775510204081634,40.7536231884058,,AW Greig
83,10,38,5,80,v India,1,Mumbai,11 Feb 1977,1977,caught,3314,41.42,35.5,35.05263157894737,38.0,36.384615384615394,40.57142857142857,40.65217391304348,,AW Greig
84,18,20,7,81,v Australia,1,Melbourne,12 Mar 1977,1977,bowled,3332,41.14,36.1,33.421052631578945,36.75862068965517,36.53846153846154,40.020408163265316,40.84057971014493,,AW Greig
85,41,82,6,82,v Australia,1,Melbourne,12 Mar 1977,1977,caught,3373,41.13,40.1,34.68421052631579,37.51724137931035,37.358974358974365,40.57142857142857,41.31884057971015,,AW Greig
86,5,22,5,83,v Australia,1,Lord's,16 Jun 1977,1977,bowled,3378,40.7,38.1,34.1578947368421,37.0,36.66666666666666,37.6530612244898,39.2463768115942,,AW Greig
87,91,178,4,84,v Australia,1,Lord's,16 Jun 1977,1977,caught,3469,41.3,36.9,38.94736842105263,37.06896551724138,36.17948717948718,39.0,39.971014492753625,,AW Greig
88,76,186,5,85,v Australia,1,Manchester,7 Jul 1977,1977,caught,3545,41.71,39.1,42.631578947368425,37.93103448275862,38.07692307692308,38.08163265306123,40.028985507246375,,AW Greig
89,11,17,5,86,v Australia,1,Nottingham,28 Jul 1977,1977,bowled,3556,41.35,36.1,42.1578947368421,38.03448275862068,37.769230769230774,37.91836734693877,39.66666666666666,,AW Greig
90,0,2,4,87,v Australia,1,Nottingham,28 Jul 1977,1977,bowled,3556,40.87,35.9,41.68421052631579,37.793103448275865,36.94871794871795,37.897959183673464,38.73913043478261,,AW Greig
91,43,80,5,88,v Australia,1,Leeds,11 Aug 1977,1977,bowled,3599,40.9,37.1,43.78947368421053,35.96551724137932,37.333333333333336,37.69387755102041,38.66666666666666,,AW Greig
92,0,4,5,89,v Australia,1,The Oval,25 Aug 1977,1977,caught,3599,40.44,29.5,37.68421052631579,34.55172413793103,35.794871794871796,35.53061224489796,38.63768115942029,,AW Greig
