,Runs,BF,Pos,Dismissal,Opposition,Dismissed,Ground,Start Date,Date,DisType,Tally,Ave,rolling10,rolling20,rolling30,rolling40,rolling50,rolling70,rolling100,Name
0,142,0,1,1,v Pakistan,1,Bridgetown,17 Jan 1958,1958,caught,142,142.0,,,,,,,,CC Hunte
1,11,0,1,1,v Pakistan,0,Bridgetown,17 Jan 1958,1958,not out,153,153.0,,,,,,,,CC Hunte
2,8,0,1,2,v Pakistan,1,Port of Spain,5 Feb 1958,1958,caught,161,80.5,,,,,,,,CC Hunte
3,37,0,1,3,v Pakistan,1,Port of Spain,5 Feb 1958,1958,caught,198,66.0,,,,,,,,CC Hunte
4,260,0,1,4,v Pakistan,1,Kingston,26 Feb 1958,1958,run out,458,114.5,,,,,,,,CC Hunte
5,5,0,1,5,v Pakistan,1,Georgetown,13 Mar 1958,1958,bowled,463,92.6,,,,,,,,CC Hunte
6,114,0,1,6,v Pakistan,1,Georgetown,13 Mar 1958,1958,bowled,577,96.17,,,,,,,,CC Hunte
7,0,1,1,7,v Pakistan,1,Port of Spain,26 Mar 1958,1958,caught,577,82.43,,,,,,,,CC Hunte
8,45,0,1,8,v Pakistan,1,Port of Spain,26 Mar 1958,1958,caught,622,77.75,,,,,,,,CC Hunte
9,0,0,2,9,v India,1,Mumbai (BS),28 Nov 1958,1958,caught,622,69.11,69.1111111111111,,,,,,,CC Hunte
10,10,0,2,10,v India,1,Mumbai (BS),28 Nov 1958,1958,caught,632,63.2,54.444444444444436,,,,,,,CC Hunte
11,29,0,2,11,v India,1,Kanpur,12 Dec 1958,1958,caught,661,60.09,50.8,,,,,,,CC Hunte
12,0,0,2,12,v India,1,Kanpur,12 Dec 1958,1958,caught,661,55.08,50.0,,,,,,,CC Hunte
13,23,0,2,13,v India,1,Kolkata,31 Dec 1958,1958,caught,684,52.62,48.6,,,,,,,CC Hunte
14,32,0,1,14,v India,1,Chennai,21 Jan 1959,1959,bowled,716,51.14,25.8,,,,,,,CC Hunte
15,30,0,1,15,v India,1,Chennai,21 Jan 1959,1959,caught,746,49.73,28.3,,,,,,,CC Hunte
16,92,0,1,16,v India,1,Delhi,6 Feb 1959,1959,lbw,838,52.38,26.1,,,,,,,CC Hunte
17,0,4,1,17,v Pakistan,1,Karachi,20 Feb 1959,1959,caught,838,49.29,26.1,,,,,,,CC Hunte
18,21,0,1,18,v Pakistan,1,Karachi,20 Feb 1959,1959,lbw,859,47.72,23.7,,,,,,,CC Hunte
19,42,0,1,19,v England,1,Bridgetown,6 Jan 1960,1960,caught,901,47.42,27.9,47.42105263157895,,,,,,CC Hunte
20,8,0,1,20,v England,1,Port of Spain,28 Jan 1960,1960,caught,909,45.45,27.7,40.368421052631575,,,,,,CC Hunte
21,47,0,1,21,v England,1,Port of Spain,28 Jan 1960,1960,caught,956,45.52,29.5,40.15,,,,,,CC Hunte
22,7,0,1,22,v England,1,Kingston,17 Feb 1960,1960,caught,963,43.77,30.2,40.1,,,,,,CC Hunte
23,40,0,1,23,v England,1,Kingston,17 Feb 1960,1960,bowled,1003,43.61,31.9,40.25,,,,,,CC Hunte
24,39,0,1,24,v England,1,Georgetown,9 Mar 1960,1960,caught,1042,43.42,32.6,29.2,,,,,,CC Hunte
25,72,0,1,24,v England,0,Port of Spain,25 Mar 1960,1960,not out,1114,46.42,40.888888888888886,34.263157894736835,,,,,,CC Hunte
26,36,0,1,25,v England,1,Port of Spain,25 Mar 1960,1960,stumped,1150,46.0,34.666666666666664,30.157894736842106,,,,,,CC Hunte
27,24,0,1,26,v Australia,1,Brisbane,9 Dec 1960,1960,caught,1174,45.15,37.333333333333336,31.421052631578952,,,,,,CC Hunte
28,39,0,1,27,v Australia,1,Brisbane,9 Dec 1960,1960,caught,1213,44.93,39.333333333333336,31.105263157894736,,,,,,CC Hunte
29,1,5,1,28,v Australia,1,Melbourne,30 Dec 1960,1960,caught,1214,43.36,34.77777777777778,31.157894736842106,43.35714285714285,,,,,CC Hunte
30,110,249,1,29,v Australia,1,Melbourne,30 Dec 1960,1960,caught,1324,45.66,46.111111111111114,36.42105263157895,42.214285714285715,,,,,CC Hunte
31,34,68,1,30,v Australia,1,Sydney,13 Jan 1961,1961,caught,1358,45.27,44.66666666666666,36.68421052631579,41.55172413793103,,,,,CC Hunte
32,1,16,1,31,v Australia,1,Sydney,13 Jan 1961,1961,caught,1359,43.84,44.0,36.73684210526316,41.31034482758621,,,,,CC Hunte
33,6,0,1,32,v Australia,1,Adelaide,27 Jan 1961,1961,lbw,1365,42.66,40.22222222222222,35.8421052631579,40.24137931034483,,,,,CC Hunte
34,79,0,1,33,v Australia,1,Adelaide,27 Jan 1961,1961,run out,1444,43.76,44.66666666666666,38.31578947368421,34.0,,,,,CC Hunte
35,31,84,2,34,v Australia,1,Melbourne,10 Feb 1961,1961,caught,1475,43.38,36.1,38.368421052631575,34.89655172413793,,,,,CC Hunte
36,52,166,2,35,v Australia,1,Melbourne,10 Feb 1961,1961,caught,1527,43.63,37.7,36.26315789473684,32.75862068965517,,,,,CC Hunte
37,58,0,1,36,v India,1,Port of Spain,16 Feb 1962,1962,caught,1585,44.03,41.1,39.31578947368421,34.75862068965517,,,,,CC Hunte
38,10,0,1,36,v India,0,Port of Spain,16 Feb 1962,1962,not out,1595,44.31,42.444444444444436,40.888888888888886,34.75,,,,,CC Hunte
39,9,0,1,37,v India,1,Kingston,7 Mar 1962,1962,caught,1604,43.35,43.33333333333334,39.055555555555564,35.07142857142857,43.351351351351354,,,,CC Hunte
40,59,0,1,38,v India,1,Bridgetown,23 Mar 1962,1962,caught,1663,43.76,37.66666666666666,41.888888888888886,36.82142857142857,41.1081081081081,,,,CC Hunte
41,28,0,1,39,v India,1,Port of Spain,4 Apr 1962,1962,bowled,1691,43.36,37.0,40.833333333333336,36.785714285714285,40.473684210526315,,,,CC Hunte
42,30,0,1,40,v India,1,Port of Spain,4 Apr 1962,1962,caught,1721,43.02,40.22222222222222,42.111111111111114,37.857142857142854,41.05263157894737,,,,CC Hunte
43,1,0,1,41,v India,1,Kingston,13 Apr 1962,1962,caught,1722,42.0,39.66666666666666,39.944444444444436,37.07142857142857,40.10526315789474,,,,CC Hunte
44,0,0,1,42,v India,1,Kingston,13 Apr 1962,1962,caught,1722,41.0,30.88888888888889,37.77777777777778,35.92857142857143,33.263157894736835,,,,CC Hunte
45,182,485,1,43,v England,1,Manchester,6 Jun 1963,1963,caught,1904,44.28,47.66666666666666,41.578947368421055,41.357142857142854,37.92105263157895,,,,CC Hunte
46,1,1,1,43,v England,0,Manchester,6 Jun 1963,1963,not out,1905,44.3,47.25,41.944444444444436,39.518518518518526,35.89189189189189,,,,CC Hunte
47,44,0,1,44,v England,1,Lord's,20 Jun 1963,1963,caught,1949,44.3,45.5,43.055555555555564,41.14814814814815,37.08108108108108,,,,CC Hunte
48,7,0,1,45,v England,1,Lord's,20 Jun 1963,1963,caught,1956,43.47,40.111111111111114,41.27777777777778,40.629629629629626,36.054054054054056,,,,CC Hunte
49,18,71,1,46,v England,1,Birmingham,4 Jul 1963,1963,bowled,1974,42.91,41.111111111111114,42.22222222222222,39.74074074074074,36.54054054054054,42.91304347826087,,,CC Hunte
50,5,9,1,47,v England,1,Birmingham,4 Jul 1963,1963,caught,1979,42.11,35.111111111111114,36.388888888888886,39.629629629629626,36.405405405405396,39.93478260869565,,,CC Hunte
51,22,0,1,48,v England,1,Leeds,25 Jul 1963,1963,caught,2001,41.69,34.44444444444444,35.72222222222222,38.7037037037037,36.21621621621622,39.31914893617022,,,CC Hunte
52,4,0,1,49,v England,1,Leeds,25 Jul 1963,1963,bowled,2005,40.92,31.555555555555557,35.888888888888886,38.5925925925926,36.32432432432432,39.23404255319149,,,CC Hunte
53,80,0,1,50,v England,1,The Oval,22 Aug 1963,1963,caught,2085,41.7,40.333333333333336,40.0,40.074074074074076,37.864864864864856,40.14893617021277,,,CC Hunte
54,108,0,1,50,v England,0,The Oval,22 Aug 1963,1963,not out,2193,43.86,58.875,44.058823529411775,44.269230769230774,41.02777777777778,37.71739130434783,,,CC Hunte
55,41,0,1,51,v Australia,1,Kingston,3 Mar 1965,1965,caught,2234,43.8,41.25,44.647058823529406,41.481481481481474,41.333333333333336,38.5,,,CC Hunte
56,81,0,1,52,v Australia,1,Kingston,3 Mar 1965,1965,caught,2315,44.52,45.555555555555564,46.352941176470594,43.148148148148145,41.02777777777778,37.78260869565217,,,CC Hunte
57,89,0,1,53,v Australia,1,Port of Spain,26 Mar 1965,1965,caught,2404,45.36,50.555555555555564,48.17647058823529,45.555555555555564,43.5,39.71739130434783,,,CC Hunte
58,53,0,1,54,v Australia,1,Port of Spain,26 Mar 1965,1965,bowled,2457,45.5,55.66666666666666,47.88888888888889,46.074074074074076,44.38888888888889,39.89130434782609,,,CC Hunte
59,31,0,1,55,v Australia,1,Georgetown,14 Apr 1965,1965,caught,2488,45.24,57.111111111111114,49.111111111111114,47.185185185185176,44.08333333333334,40.56521739130435,,,CC Hunte
60,38,0,1,56,v Australia,1,Georgetown,14 Apr 1965,1965,caught,2526,45.11,60.77777777777778,47.944444444444436,44.518518518518526,44.91666666666666,41.17391304347826,,,CC Hunte
61,75,0,1,57,v Australia,1,Bridgetown,5 May 1965,1965,caught,2601,45.63,66.66666666666667,50.555555555555564,46.03703703703704,45.694444444444436,42.17391304347826,,,CC Hunte
62,81,0,1,58,v Australia,1,Bridgetown,5 May 1965,1965,caught,2682,46.24,75.22222222222223,53.38888888888889,49.0,47.75,43.93478260869565,,,CC Hunte
63,1,0,1,59,v Australia,1,Port of Spain,14 May 1965,1965,caught,2683,45.47,66.44444444444444,53.38888888888889,48.814814814814824,46.66666666666666,43.45652173913044,,,CC Hunte
64,60,0,1,59,v Australia,0,Port of Spain,14 May 1965,1965,not out,2743,46.49,61.111111111111114,60.058823529411775,49.96153846153846,48.6,45.04444444444446,,,CC Hunte
65,135,279,1,60,v England,1,Manchester,2 Jun 1966,1966,caught,2878,47.97,71.55555555555556,57.29411764705882,53.96153846153846,49.0,47.37777777777778,,,CC Hunte
66,18,50,1,61,v England,1,Lord's,16 Jun 1966,1966,caught,2896,47.48,64.55555555555556,55.055555555555564,52.653846153846146,48.5,45.73333333333333,,,CC Hunte
67,13,45,1,62,v England,1,Lord's,16 Jun 1966,1966,caught,2909,46.92,56.111111111111114,53.33333333333334,50.92307692307693,48.194444444444436,46.022222222222226,,,CC Hunte
68,9,17,1,63,v England,1,Nottingham,30 Jun 1966,1966,lbw,2918,46.32,51.22222222222222,53.444444444444436,49.0,47.361111111111114,45.755555555555546,,,CC Hunte
69,12,45,1,64,v England,1,Nottingham,30 Jun 1966,1966,caught,2930,45.78,49.111111111111114,53.111111111111114,49.111111111111114,47.66666666666666,45.088888888888896,45.78125,,CC Hunte
70,48,130,1,65,v England,1,Leeds,4 Aug 1966,1966,lbw,2978,45.82,50.22222222222222,55.5,48.7037037037037,45.944444444444436,45.977777777777774,44.3125,,CC Hunte
71,1,5,1,66,v England,1,The Oval,18 Aug 1966,1966,bowled,2979,45.14,42.0,54.33333333333334,47.7037037037037,45.02777777777778,44.95555555555556,43.47692307692307,,CC Hunte
72,7,25,1,67,v England,1,The Oval,18 Aug 1966,1966,caught,2986,44.57,33.77777777777778,54.5,46.85185185185186,45.194444444444436,44.95555555555556,43.46153846153846,,CC Hunte
73,101,0,1,68,v India,1,Mumbai (BS),13 Dec 1966,1966,bowled,3087,45.4,44.88888888888889,55.66666666666666,50.555555555555564,47.83333333333334,46.31111111111111,44.44615384615385,,CC Hunte
74,40,0,1,69,v India,1,Mumbai (BS),13 Dec 1966,1966,caught,3127,45.32,38.4,49.157894736842096,52.03703703703704,46.75,46.33333333333334,41.06153846153846,,CC Hunte
75,43,0,1,70,v India,1,Kolkata,31 Dec 1966,1966,run out,3170,45.29,29.2,49.26315789473684,46.88888888888889,47.08333333333334,44.69565217391305,41.646153846153844,,CC Hunte
76,49,0,1,71,v India,1,Chennai,13 Jan 1967,1967,caught,3219,45.34,32.3,47.57894736842106,46.92857142857143,47.0,44.97826086956522,40.646153846153844,,CC Hunte
77,26,0,1,72,v India,1,Chennai,13 Jan 1967,1967,caught,3245,45.07,33.6,44.26315789473684,46.28571428571429,46.111111111111114,45.02173913043478,41.04615384615385,,CC Hunte
