,Runs,BF,Pos,Dismissal,Opposition,Dismissed,Ground,Start Date,Date,DisType,Tally,Ave,rolling10,rolling20,rolling30,rolling40,rolling50,rolling70,rolling100,Name
0,32,0,1,1,v West Indies,1,Sydney,25 Jan 1952,1952,caught,32,32.0,,,,,,,,CC McDonald
1,62,0,1,2,v West Indies,1,Sydney,25 Jan 1952,1952,bowled,94,47.0,,,,,,,,CC McDonald
2,27,0,1,3,v South Africa,1,Brisbane,5 Dec 1952,1952,caught,121,40.33,,,,,,,,CC McDonald
3,17,0,1,4,v South Africa,1,Brisbane,5 Dec 1952,1952,stumped,138,34.5,,,,,,,,CC McDonald
4,82,0,1,5,v South Africa,1,Melbourne,24 Dec 1952,1952,caught,220,44.0,,,,,,,,CC McDonald
5,23,0,1,6,v South Africa,1,Melbourne,24 Dec 1952,1952,caught,243,40.5,,,,,,,,CC McDonald
6,67,0,1,7,v South Africa,1,Sydney,9 Jan 1953,1953,caught,310,44.29,,,,,,,,CC McDonald
7,154,0,1,8,v South Africa,1,Adelaide,24 Jan 1953,1953,stumped,464,58.0,,,,,,,,CC McDonald
8,15,0,1,9,v South Africa,1,Adelaide,24 Jan 1953,1953,bowled,479,53.22,,,,,,,,CC McDonald
9,41,0,1,10,v South Africa,1,Melbourne,6 Feb 1953,1953,caught,520,52.0,52.0,,,,,,,CC McDonald
10,11,0,1,11,v South Africa,1,Melbourne,6 Feb 1953,1953,caught,531,48.27,49.9,,,,,,,CC McDonald
11,48,0,1,12,v England,1,Adelaide,28 Jan 1955,1955,caught,579,48.25,48.5,,,,,,,CC McDonald
12,29,0,1,13,v England,1,Adelaide,28 Jan 1955,1955,bowled,608,46.77,48.7,,,,,,,CC McDonald
13,72,149,2,14,v England,1,Sydney,25 Feb 1955,1955,caught,680,48.57,54.2,,,,,,,CC McDonald
14,37,69,2,15,v England,1,Sydney,25 Feb 1955,1955,caught,717,47.8,49.7,,,,,,,CC McDonald
15,50,0,1,16,v West Indies,1,Kingston,26 Mar 1955,1955,stumped,767,47.94,52.4,,,,,,,CC McDonald
16,7,0,3,16,v West Indies,0,Kingston,26 Mar 1955,1955,not out,774,48.38,51.555555555555564,,,,,,,CC McDonald
17,110,0,1,17,v West Indies,1,Port of Spain,11 Apr 1955,1955,caught,884,52.0,46.66666666666666,,,,,,,CC McDonald
18,61,0,1,18,v West Indies,1,Georgetown,26 Apr 1955,1955,bowled,945,52.5,51.77777777777778,,,,,,,CC McDonald
19,31,0,1,19,v West Indies,1,Georgetown,26 Apr 1955,1955,bowled,976,51.37,50.66666666666666,51.368421052631575,,,,,,CC McDonald
20,46,0,1,20,v West Indies,1,Bridgetown,14 May 1955,1955,run out,1022,51.1,54.555555555555564,52.10526315789475,,,,,,CC McDonald
21,17,0,1,21,v West Indies,1,Bridgetown,14 May 1955,1955,bowled,1039,49.48,51.111111111111114,49.73684210526316,,,,,,CC McDonald
22,127,0,1,22,v West Indies,1,Kingston,11 Jun 1955,1955,bowled,1166,53.0,62.0,55.0,,,,,,CC McDonald
23,1,0,1,23,v England,1,Nottingham,7 Jun 1956,1956,lbw,1167,50.74,54.111111111111114,54.157894736842096,,,,,,CC McDonald
24,6,0,1,24,v England,1,Nottingham,7 Jun 1956,1956,caught,1173,48.88,50.66666666666666,50.157894736842096,,,,,,CC McDonald
25,78,0,1,25,v England,1,Lord's,21 Jun 1956,1956,caught,1251,50.04,53.77777777777778,53.05263157894736,,,,,,CC McDonald
26,26,0,1,26,v England,1,Lord's,21 Jun 1956,1956,caught,1277,49.12,50.3,50.89473684210525,,,,,,CC McDonald
27,2,0,1,27,v England,1,Leeds,12 Jul 1956,1956,caught,1279,47.37,39.5,42.89473684210526,,,,,,CC McDonald
28,6,0,1,28,v England,1,Leeds,12 Jul 1956,1956,bowled,1285,45.89,34.0,42.42105263157895,,,,,,CC McDonald
29,32,0,1,29,v England,1,Manchester,26 Jul 1956,1956,caught,1317,45.41,34.1,41.94736842105263,45.41379310344828,,,,,CC McDonald
30,89,0,1,30,v England,1,Manchester,26 Jul 1956,1956,caught,1406,46.87,38.4,46.05263157894736,47.379310344827594,,,,,CC McDonald
31,3,0,1,31,v England,1,The Oval,23 Aug 1956,1956,caught,1409,45.45,37.0,43.68421052631579,45.3448275862069,,,,,CC McDonald
32,0,0,1,32,v England,1,The Oval,23 Aug 1956,1956,lbw,1409,44.03,24.3,42.1578947368421,44.41379310344828,,,,,CC McDonald
33,17,0,1,33,v Pakistan,1,Karachi,11 Oct 1956,1956,caught,1426,43.21,25.9,39.26315789473684,44.41379310344828,,,,,CC McDonald
34,3,0,1,34,v Pakistan,1,Karachi,11 Oct 1956,1956,bowled,1429,42.03,25.6,37.473684210526315,41.68965517241379,,,,,CC McDonald
35,29,0,1,35,v India,1,Chennai,19 Oct 1956,1956,stumped,1458,41.66,20.7,36.368421052631575,41.89655172413793,,,,,CC McDonald
36,3,0,1,36,v India,1,Kolkata,2 Nov 1956,1956,bowled,1461,40.58,18.4,34.35,39.68965517241379,,,,,CC McDonald
37,0,0,1,37,v India,1,Kolkata,2 Nov 1956,1956,lbw,1461,39.49,18.2,28.85,34.37931034482759,,,,,CC McDonald
38,75,0,1,38,v South Africa,1,Johannesburg,23 Dec 1957,1957,caught,1536,40.42,25.1,29.55,36.44827586206897,,,,,CC McDonald
39,25,0,1,39,v South Africa,1,Johannesburg,23 Dec 1957,1957,stumped,1561,40.03,24.4,29.25,35.89655172413793,40.02564102564103,,,,CC McDonald
40,99,0,1,40,v South Africa,1,Cape Town,31 Dec 1957,1957,caught,1660,41.5,25.4,31.9,38.93103448275862,41.74358974358975,,,,CC McDonald
41,28,0,1,41,v South Africa,1,Durban,24 Jan 1958,1958,caught,1688,41.17,27.9,32.45,38.24137931034483,40.87179487179487,,,,CC McDonald
42,33,0,1,42,v South Africa,1,Durban,24 Jan 1958,1958,lbw,1721,40.98,31.2,27.75,38.379310344827594,41.02564102564103,,,,CC McDonald
43,26,0,1,43,v South Africa,1,Johannesburg,7 Feb 1958,1958,lbw,1747,40.63,32.1,29.0,36.793103448275865,41.256410256410255,,,,CC McDonald
44,1,0,1,43,v South Africa,0,Johannesburg,7 Feb 1958,1958,not out,1748,40.65,35.444444444444436,30.26315789473684,36.82142857142857,40.21052631578947,,,,CC McDonald
45,58,0,1,44,v South Africa,1,Port Elizabeth,28 Feb 1958,1958,caught,1806,41.05,38.66666666666666,29.210526315789476,37.107142857142854,41.131578947368425,,,,CC McDonald
46,4,0,1,45,v South Africa,1,Port Elizabeth,28 Feb 1958,1958,caught,1810,40.22,38.77777777777778,28.052631578947373,35.724137931034484,39.473684210526315,,,,CC McDonald
47,42,80,1,46,v England,1,Brisbane,5 Dec 1958,1958,caught,1852,40.26,43.444444444444436,30.157894736842106,33.37931034482759,36.526315789473685,,,,CC McDonald
48,15,50,1,47,v England,1,Brisbane,5 Dec 1958,1958,caught,1867,39.72,36.77777777777778,30.63157894736842,31.79310344827586,36.526315789473685,,,,CC McDonald
49,47,169,1,48,v England,1,Melbourne,31 Dec 1958,1958,caught,1914,39.88,39.22222222222222,31.421052631578952,32.3448275862069,36.68421052631579,39.875,,,CC McDonald
50,5,13,1,49,v England,1,Melbourne,31 Dec 1958,1958,lbw,1919,39.16,28.777777777777782,27.0,30.931034482758623,36.526315789473685,39.3125,,,CC McDonald
51,40,166,1,50,v England,1,Sydney,9 Jan 1959,1959,caught,1959,39.18,30.11111111111111,28.947368421052627,31.724137931034484,36.31578947368421,38.85416666666666,,,CC McDonald
52,16,83,1,51,v England,1,Sydney,9 Jan 1959,1959,bowled,1975,38.73,28.222222222222218,29.78947368421053,27.896551724137932,35.973684210526315,38.625,,,CC McDonald
53,170,315,1,52,v England,1,Adelaide,30 Jan 1959,1959,bowled,2145,41.25,44.22222222222222,37.8421052631579,33.724137931034484,38.55263157894737,41.8125,,,CC McDonald
54,133,249,1,53,v England,1,Melbourne,13 Feb 1959,1959,caught,2278,42.98,53.0,44.68421052631579,38.10344827586207,41.078947368421055,42.875,,,CC McDonald
55,51,54,1,53,v England,0,Melbourne,13 Feb 1959,1959,not out,2329,43.94,58.111111111111114,48.38888888888889,38.5,42.21621621621622,44.38297872340426,,,CC McDonald
56,19,0,1,54,v Pakistan,1,Dhaka,13 Nov 1959,1959,lbw,2348,43.48,59.77777777777778,49.27777777777778,38.25,41.42105263157895,43.361702127659576,,,CC McDonald
57,44,0,1,54,v Pakistan,0,Dhaka,13 Nov 1959,1959,not out,2392,44.3,67.5,54.764705882352935,41.22222222222222,40.75675675675676,41.91304347826087,,,CC McDonald
58,42,0,1,55,v Pakistan,1,Lahore,21 Nov 1959,1959,caught,2434,44.25,70.875,52.82352941176471,42.555555555555564,40.24324324324324,42.5,,,CC McDonald
59,19,0,1,56,v Pakistan,1,Karachi,4 Dec 1959,1959,bowled,2453,43.8,67.375,52.470588235294116,42.074074074074076,39.91891891891892,42.02173913043478,,,CC McDonald
60,30,0,1,57,v Pakistan,1,Karachi,4 Dec 1959,1959,lbw,2483,43.56,70.5,48.411764705882355,39.888888888888886,39.48648648648648,42.43478260869565,,,CC McDonald
61,20,0,1,58,v India,1,Delhi,12 Dec 1959,1959,bowled,2503,43.16,68.0,47.941176470588225,40.518518518518526,39.56756756756757,41.82608695652174,,,CC McDonald
62,53,0,1,59,v India,1,Kanpur,19 Dec 1959,1959,bowled,2556,43.32,72.625,49.11764705882353,42.481481481481474,37.56756756756757,42.34782608695652,,,CC McDonald
63,34,0,1,60,v India,1,Kanpur,19 Dec 1959,1959,stumped,2590,43.17,55.625,49.58823529411765,43.111111111111114,38.45945945945946,41.52173913043478,,,CC McDonald
64,36,0,1,61,v India,1,Mumbai (BS),1 Jan 1960,1960,bowled,2626,43.05,43.5,48.77777777777778,44.33333333333334,39.270270270270274,41.5,,,CC McDonald
65,16,0,1,62,v India,1,Chennai,13 Jan 1960,1960,bowled,2642,42.61,34.77777777777778,46.444444444444436,43.851851851851855,37.594594594594604,40.76086956521739,,,CC McDonald
66,27,0,6,63,v India,1,Kolkata,23 Jan 1960,1960,lbw,2669,42.37,35.666666666666664,47.72222222222222,44.74074074074074,37.62162162162162,40.31914893617022,,,CC McDonald
67,6,0,2,64,v India,1,Kolkata,23 Jan 1960,1960,run out,2675,41.8,28.3,45.72222222222222,44.96296296296296,37.729729729729726,38.106382978723396,,,CC McDonald
68,57,0,1,65,v West Indies,1,Brisbane,9 Dec 1960,1960,caught,2732,42.03,29.8,48.055555555555564,44.2962962962963,39.1081081081081,38.02127659574468,,,CC McDonald
69,16,0,1,66,v West Indies,1,Brisbane,9 Dec 1960,1960,bowled,2748,41.64,29.5,46.33333333333334,43.96296296296296,38.67567567567568,37.70212765957447,41.63636363636363,,CC McDonald
70,15,26,1,67,v West Indies,1,Melbourne,30 Dec 1960,1960,caught,2763,41.24,28.0,46.88888888888889,40.85185185185185,36.67567567567568,37.04255319148936,41.37878787878788,,CC McDonald
71,13,24,1,68,v West Indies,1,Melbourne,30 Dec 1960,1960,caught,2776,40.82,27.3,45.38888888888889,40.2962962962963,36.94594594594594,36.95744680851064,40.63636363636363,,CC McDonald
72,34,81,1,69,v West Indies,1,Sydney,13 Jan 1961,1961,bowled,2810,40.72,25.4,46.38888888888889,40.333333333333336,37.864864864864856,34.97872340425532,40.74242424242424,,CC McDonald
73,27,89,1,70,v West Indies,1,Sydney,13 Jan 1961,1961,caught,2837,40.53,24.7,38.444444444444436,40.37037037037037,38.135135135135144,35.53191489361703,40.89393939393939,,CC McDonald
74,71,0,1,71,v West Indies,1,Adelaide,27 Jan 1961,1961,caught,2908,40.96,28.2,35.0,41.42857142857143,39.972972972972975,36.91489361702128,40.72727272727273,,CC McDonald
75,2,0,1,72,v West Indies,1,Adelaide,27 Jan 1961,1961,run out,2910,40.42,26.8,30.578947368421048,39.42857142857143,39.24324324324324,35.29787234042553,40.40909090909091,,CC McDonald
76,91,175,2,73,v West Indies,1,Melbourne,10 Feb 1961,1961,lbw,3001,41.11,33.2,34.368421052631575,42.535714285714285,41.62162162162162,36.68085106382978,40.77272727272727,,CC McDonald
77,11,52,2,74,v West Indies,1,Melbourne,10 Feb 1961,1961,caught,3012,40.7,33.7,31.0,41.42857142857143,41.91891891891892,36.872340425531924,38.60606060606061,,CC McDonald
78,22,0,2,75,v England,1,Birmingham,8 Jun 1961,1961,caught,3034,40.45,30.2,30.0,41.67857142857143,40.48648648648648,37.21276595744681,38.71212121212121,,CC McDonald
79,4,0,2,76,v England,1,Lord's,22 Jun 1961,1961,bowled,3038,39.97,29.0,29.25,40.142857142857146,39.91891891891892,36.61702127659574,38.15151515151515,,CC McDonald
80,14,0,2,77,v England,1,Lord's,22 Jun 1961,1961,caught,3052,39.64,28.9,28.45,40.464285714285715,37.62162162162162,35.02127659574468,38.196969696969695,,CC McDonald
81,54,0,1,78,v England,1,Leeds,6 Jul 1961,1961,stumped,3106,39.82,33.0,30.15,40.964285714285715,38.32432432432432,36.106382978723396,38.28787878787879,,CC McDonald
82,1,0,1,79,v England,1,Leeds,6 Jul 1961,1961,bowled,3107,39.33,29.7,27.55,40.42857142857143,37.45945945945946,36.127659574468076,37.86363636363637,,CC McDonald
