,Runs,BF,Pos,Dismissal,Opposition,Dismissed,Ground,Start Date,Date,DisType,Tally,Ave,rolling10,rolling20,rolling30,rolling40,rolling50,rolling70,rolling100,Name
0,58,159,3,1,v Sri Lanka,1,Galle,15 Nov 2010,2010,caught,58,58.0,,,,,,,,DM Bravo
1,80,129,3,2,v Sri Lanka,1,Colombo (RPS),23 Nov 2010,2010,caught,138,69.0,,,,,,,,DM Bravo
2,0,19,3,2,v Sri Lanka,0,Colombo (RPS),23 Nov 2010,2010,not out,138,69.0,,,,,,,,DM Bravo
3,68,117,3,3,v Sri Lanka,1,Pallekele,1 Dec 2010,2010,lbw,206,68.67,,,,,,,,DM Bravo
4,25,85,3,4,v Pakistan,1,Providence,12 May 2011,2011,lbw,231,57.75,,,,,,,,DM Bravo
5,8,27,3,5,v Pakistan,1,Providence,12 May 2011,2011,lbw,239,47.8,,,,,,,,DM Bravo
6,24,87,3,6,v Pakistan,1,Basseterre,20 May 2011,2011,caught,263,43.83,,,,,,,,DM Bravo
7,50,144,3,7,v Pakistan,1,Basseterre,20 May 2011,2011,lbw,313,44.71,,,,,,,,DM Bravo
8,18,56,4,8,v India,1,Kingston,20 Jun 2011,2011,caught,331,41.38,,,,,,,,DM Bravo
9,41,89,4,9,v India,1,Kingston,20 Jun 2011,2011,bowled,372,41.33,41.333333333333336,,,,,,,DM Bravo
10,9,21,4,10,v India,1,Bridgetown,28 Jun 2011,2011,caught,381,38.1,35.888888888888886,,,,,,,DM Bravo
11,73,174,4,11,v India,1,Bridgetown,28 Jun 2011,2011,caught,454,41.27,35.111111111111114,,,,,,,DM Bravo
12,50,134,4,12,v India,1,Roseau,6 Jul 2011,2011,caught,504,42.0,36.6,,,,,,,DM Bravo
13,14,40,4,13,v India,1,Roseau,6 Jul 2011,2011,caught,518,39.85,31.2,,,,,,,DM Bravo
14,2,14,4,14,v Bangladesh,1,Chattogram,21 Oct 2011,2011,caught,520,37.14,28.9,,,,,,,DM Bravo
15,24,28,4,14,v Bangladesh,0,Chattogram,21 Oct 2011,2011,not out,544,38.86,33.888888888888886,,,,,,,DM Bravo
16,12,30,4,15,v Bangladesh,1,Dhaka,29 Oct 2011,2011,lbw,556,37.07,32.55555555555556,,,,,,,DM Bravo
17,195,297,4,16,v Bangladesh,1,Dhaka,29 Oct 2011,2011,caught,751,46.94,48.66666666666666,,,,,,,DM Bravo
18,12,21,4,17,v India,1,Delhi,6 Nov 2011,2011,bowled,763,44.88,48.0,,,,,,,DM Bravo
19,12,39,5,18,v India,1,Delhi,6 Nov 2011,2011,lbw,775,43.06,44.77777777777778,43.055555555555564,,,,,,DM Bravo
20,30,56,4,19,v India,1,Kolkata,14 Nov 2011,2011,bowled,805,42.37,47.111111111111114,41.5,,,,,,DM Bravo
21,136,230,4,20,v India,1,Kolkata,14 Nov 2011,2011,caught,941,47.05,54.111111111111114,44.611111111111114,,,,,,DM Bravo
22,166,284,4,21,v India,1,Mumbai,22 Nov 2011,2011,caught,1107,52.71,67.0,51.0,,,,,,DM Bravo
23,48,105,4,22,v India,1,Mumbai,22 Nov 2011,2011,caught,1155,52.5,70.77777777777777,49.94736842105264,,,,,,DM Bravo
24,51,123,4,23,v Australia,1,Bridgetown,7 Apr 2012,2012,caught,1206,52.43,76.22222222222223,51.31578947368421,,,,,,DM Bravo
25,32,78,4,24,v Australia,1,Bridgetown,7 Apr 2012,2012,caught,1238,51.58,69.4,52.57894736842106,,,,,,DM Bravo
26,38,94,4,25,v Australia,1,Port of Spain,15 Apr 2012,2012,lbw,1276,51.04,72.0,53.31578947368421,,,,,,DM Bravo
27,8,21,4,25,v Australia,0,Port of Spain,15 Apr 2012,2012,not out,1284,51.36,59.22222222222222,53.944444444444436,,,,,,DM Bravo
28,10,7,4,26,v Australia,1,Roseau,23 Apr 2012,2012,caught,1294,49.77,59.0,53.5,,,,,,DM Bravo
29,45,148,4,27,v Australia,1,Roseau,23 Apr 2012,2012,caught,1339,49.59,62.66666666666666,53.72222222222222,49.5925925925926,,,,,DM Bravo
30,29,74,4,28,v England,1,Lord's,17 May 2012,2012,run out,1368,48.86,62.555555555555564,54.83333333333334,48.518518518518526,,,,,DM Bravo
31,21,57,4,29,v England,1,Lord's,17 May 2012,2012,bowled,1389,47.9,49.77777777777778,51.944444444444436,46.33333333333334,,,,,DM Bravo
32,3,18,4,30,v England,1,Nottingham,25 May 2012,2012,caught,1392,46.4,31.66666666666667,49.33333333333334,44.78571428571429,,,,,DM Bravo
33,22,43,3,31,v England,1,Nottingham,25 May 2012,2012,lbw,1414,45.61,28.777777777777782,49.77777777777778,43.14285714285715,,,,,DM Bravo
34,6,16,4,32,v England,1,Birmingham,7 Jun 2012,2012,caught,1420,44.38,23.777777777777782,50.0,42.464285714285715,,,,,DM Bravo
35,14,28,3,33,v Bangladesh,1,Dhaka,13 Nov 2012,2012,caught,1434,43.45,21.777777777777782,46.842105263157904,42.67857142857143,,,,,DM Bravo
36,76,121,3,34,v Bangladesh,1,Dhaka,13 Nov 2012,2012,caught,1510,44.41,26.0,50.21052631578947,44.53571428571429,,,,,DM Bravo
37,127,288,3,35,v Bangladesh,1,Khulna,21 Nov 2012,2012,lbw,1637,46.77,35.3,46.631578947368425,47.28571428571429,,,,,DM Bravo
38,11,32,4,36,v Zimbabwe,1,Bridgetown,12 Mar 2013,2013,caught,1648,45.78,35.4,46.57894736842106,47.03571428571429,,,,,DM Bravo
39,1,12,3,36,v Zimbabwe,0,Bridgetown,12 Mar 2013,2013,not out,1649,45.81,34.44444444444444,48.555555555555564,47.2962962962963,45.805555555555564,,,,DM Bravo
40,0,4,3,37,v Zimbabwe,1,Roseau,20 Mar 2013,2013,caught,1649,44.57,31.222222222222218,46.88888888888889,46.96296296296296,44.194444444444436,,,,DM Bravo
41,23,96,3,38,v India,1,Kolkata,6 Nov 2013,2013,run out,1672,44.0,31.444444444444446,40.611111111111114,45.111111111111114,42.611111111111114,,,,DM Bravo
42,37,78,3,39,v India,1,Kolkata,6 Nov 2013,2013,caught,1709,43.82,35.22222222222222,33.44444444444444,44.62962962962962,42.45945945945946,,,,DM Bravo
43,29,63,3,40,v India,1,Mumbai,14 Nov 2013,2013,caught,1738,43.45,36.0,32.388888888888886,45.185185185185176,41.405405405405396,,,,DM Bravo
44,11,10,4,41,v India,1,Mumbai,14 Nov 2013,2013,caught,1749,42.66,36.555555555555564,30.16666666666667,45.518518518518526,41.02702702702703,,,,DM Bravo
45,40,69,3,42,v New Zealand,1,Dunedin,3 Dec 2013,2013,caught,1789,42.6,39.444444444444436,30.61111111111111,44.464285714285715,41.8918918918919,,,,DM Bravo
46,218,416,3,43,v New Zealand,1,Dunedin,3 Dec 2013,2013,bowled,2007,46.67,55.22222222222222,40.611111111111114,51.82142857142857,47.135135135135144,,,,DM Bravo
47,4,12,3,44,v New Zealand,1,Wellington,11 Dec 2013,2013,caught,2011,45.7,41.555555555555564,38.26315789473684,45.0,45.8918918918919,,,,DM Bravo
48,0,2,3,45,v New Zealand,1,Wellington,11 Dec 2013,2013,caught,2011,44.69,40.333333333333336,37.73684210526316,44.57142857142857,45.405405405405396,,,,DM Bravo
49,0,6,4,46,v New Zealand,1,Kingston,8 Jun 2014,2014,caught,2011,43.72,36.2,35.368421052631575,44.14285714285715,44.2972972972973,43.71739130434783,,,DM Bravo
50,12,42,4,47,v New Zealand,1,Kingston,8 Jun 2014,2014,caught,2023,43.04,37.4,34.473684210526315,43.5,44.37837837837838,42.71739130434783,,,DM Bravo
51,109,155,5,48,v New Zealand,1,Port of Spain,16 Jun 2014,2014,caught,2132,44.42,46.0,39.10526315789474,42.535714285714285,45.351351351351354,43.34782608695652,,,DM Bravo
52,24,58,4,49,v New Zealand,1,Bridgetown,26 Jun 2014,2014,caught,2156,44.0,44.7,40.21052631578947,37.464285714285715,44.64864864864865,42.93617021276596,,,DM Bravo
53,40,98,5,50,v New Zealand,1,Bridgetown,26 Jun 2014,2014,caught,2196,43.92,45.8,41.1578947368421,37.17857142857143,45.351351351351354,42.340425531914896,,,DM Bravo
54,62,126,4,51,v Bangladesh,1,Kingstown,5 Sep 2014,2014,caught,2258,44.27,50.9,44.10526315789475,37.57142857142857,46.972972972972975,43.127659574468076,,,DM Bravo
55,46,123,4,52,v Bangladesh,1,Gros Islet,13 Sep 2014,2014,caught,2304,44.31,51.5,45.78947368421053,38.07142857142857,46.31578947368421,43.93617021276596,,,DM Bravo
56,7,29,4,53,v Bangladesh,1,Gros Islet,13 Sep 2014,2014,bowled,2311,43.6,30.4,42.1578947368421,36.964285714285715,46.18421052631579,43.57446808510638,,,DM Bravo
57,10,25,3,54,v England,1,North Sound,13 Apr 2015,2015,caught,2321,42.98,31.0,36.0,35.75862068965517,41.31578947368421,42.723404255319146,,,DM Bravo
58,32,87,3,55,v England,1,North Sound,13 Apr 2015,2015,caught,2353,42.78,34.2,37.10526315789474,36.51724137931035,41.8421052631579,43.02127659574467,,,DM Bravo
59,35,81,3,56,v England,1,St George's,21 Apr 2015,2015,caught,2388,42.64,37.7,36.95,36.17241379310345,42.44736842105263,42.893617021276604,,,DM Bravo
60,69,147,3,57,v England,1,St George's,21 Apr 2015,2015,caught,2457,43.11,43.4,40.4,37.55172413793103,43.47368421052632,44.170212765957444,,,DM Bravo
61,9,39,3,58,v England,1,Bridgetown,1 May 2015,2015,caught,2466,42.52,33.4,39.7,37.137931034482754,40.131578947368425,42.80851063829788,,,DM Bravo
62,82,148,3,59,v England,1,Bridgetown,1 May 2015,2015,caught,2548,43.19,39.2,41.95,39.862068965517246,37.92105263157895,43.48936170212766,,,DM Bravo
63,19,26,3,60,v Australia,1,Roseau,3 Jun 2015,2015,caught,2567,42.78,37.1,41.45,39.75862068965517,37.1578947368421,43.59574468085106,,,DM Bravo
64,5,27,3,61,v Australia,1,Roseau,3 Jun 2015,2015,caught,2572,42.16,31.4,41.15,39.72413793103448,35.94736842105263,43.6595744680851,,,DM Bravo
65,14,23,3,62,v Australia,1,Kingston,11 Jun 2015,2015,lbw,2586,41.71,28.2,39.85,39.72413793103448,35.473684210526315,42.54166666666666,,,DM Bravo
66,11,49,3,63,v Australia,1,Kingston,11 Jun 2015,2015,caught,2597,41.22,28.6,29.5,37.48275862068965,34.763157894736835,42.520833333333336,,,DM Bravo
67,50,107,3,64,v Sri Lanka,1,Galle,14 Oct 2015,2015,caught,2647,41.36,32.6,31.8,34.827586206896555,34.94871794871795,39.5,,,DM Bravo
68,31,66,3,65,v Sri Lanka,1,Galle,14 Oct 2015,2015,caught,2678,41.2,32.5,33.35,35.51724137931035,35.487179487179496,39.895833333333336,,,DM Bravo
69,2,17,4,66,v Sri Lanka,1,Colombo (PSS),22 Oct 2015,2015,bowled,2680,40.61,29.2,33.45,34.36666666666667,34.384615384615394,39.6875,40.60606060606061,,DM Bravo
70,61,134,3,67,v Sri Lanka,1,Colombo (PSS),22 Oct 2015,2015,caught,2741,40.91,28.4,35.9,36.4,35.205128205128204,40.333333333333336,40.65151515151515,,DM Bravo
71,108,177,3,68,v Australia,1,Hobart,10 Dec 2015,2015,caught,2849,41.9,38.3,35.85,39.23333333333333,37.43589743589744,39.75,41.07575757575758,,DM Bravo
72,4,13,3,69,v Australia,1,Hobart,10 Dec 2015,2015,bowled,2853,41.35,30.5,34.85,38.13333333333333,37.46153846153846,36.375,40.52238805970149,,DM Bravo
73,81,204,3,70,v Australia,1,Melbourne,26 Dec 2015,2015,caught,2934,41.91,36.7,36.9,39.86666666666667,38.97435897435897,37.0625,40.71641791044776,,DM Bravo
74,21,61,3,71,v Australia,1,Melbourne,26 Dec 2015,2015,caught,2955,41.62,38.3,34.85,40.2,39.358974358974365,36.4375,40.65671641791045,,DM Bravo
75,33,95,3,72,v Australia,1,Sydney,3 Jan 2016,2016,caught,2988,41.5,40.2,34.2,39.96666666666667,39.846153846153854,36.458333333333336,41.02985074626866,,DM Bravo
76,11,33,4,73,v India,1,North Sound,21 Jul 2016,2016,caught,2999,41.08,40.2,34.4,33.06666666666667,38.17948717948718,35.895833333333336,40.83582089552239,,DM Bravo
77,10,43,3,74,v India,1,North Sound,21 Jul 2016,2016,caught,3009,40.66,36.2,34.4,33.266666666666666,35.17948717948718,35.204081632653065,40.23880597014925,,DM Bravo
78,0,1,3,75,v India,1,Kingston,30 Jul 2016,2016,caught,3009,40.12,33.1,32.8,33.266666666666666,34.8974358974359,35.0,39.97014925373134,,DM Bravo
79,20,37,3,76,v India,1,Kingston,30 Jul 2016,2016,caught,3029,39.86,34.9,32.05,33.93333333333333,34.5,34.48979591836735,39.65671641791045,,DM Bravo
80,29,101,3,77,v India,1,Gros Islet,9 Aug 2016,2016,caught,3058,39.71,31.7,30.05,34.5,35.225,34.48979591836735,39.955223880597025,,DM Bravo
81,59,100,3,78,v India,1,Gros Islet,9 Aug 2016,2016,caught,3117,39.96,26.8,32.55,32.833333333333336,36.125,35.265306122448976,39.746268656716424,,DM Bravo
82,10,10,3,79,v India,1,Port of Spain,18 Aug 2016,2016,bowled,3127,39.58,27.4,28.95,32.36666666666667,35.45,35.408163265306115,39.149253731343286,,DM Bravo
83,87,258,3,80,v Pakistan,1,Dubai (DSC),13 Oct 2016,2016,caught,3214,40.17,28.0,32.35,33.93333333333333,36.9,36.734693877551024,40.23880597014925,,DM Bravo
84,116,249,3,81,v Pakistan,1,Dubai (DSC),13 Oct 2016,2016,caught,3330,41.11,37.5,37.9,35.73333333333333,39.525,38.979591836734684,41.940298507462686,,DM Bravo
85,43,85,2,82,v Pakistan,1,Abu Dhabi,21 Oct 2016,2016,lbw,3373,41.13,38.5,39.35,35.63333333333333,39.6,39.57142857142857,41.602941176470594,,DM Bravo
86,13,34,3,83,v Pakistan,1,Abu Dhabi,21 Oct 2016,2016,caught,3386,40.8,38.7,39.45,35.833333333333336,34.475,38.285714285714285,41.617647058823536,,DM Bravo
87,11,29,3,84,v Pakistan,1,Sharjah,30 Oct 2016,2016,caught,3397,40.44,38.8,37.5,35.86666666666667,34.65,35.91836734693877,38.911764705882355,,DM Bravo
88,3,9,3,85,v Pakistan,1,Sharjah,30 Oct 2016,2016,caught,3400,40.0,39.1,36.1,34.9,34.725,35.755102040816325,38.77941176470589,,DM Bravo
89,2,5,4,86,v England,1,Bridgetown,23 Jan 2019,2019,lbw,3402,39.56,37.3,36.1,33.8,34.775,35.06,38.632352941176464,,DM Bravo
90,1,4,4,87,v England,1,Bridgetown,23 Jan 2019,2019,caught,3403,39.11,34.5,33.1,31.53333333333333,34.5,35.08,38.20588235294117,,DM Bravo
91,50,216,4,88,v England,1,North Sound,31 Jan 2019,2019,stumped,3453,39.24,33.6,30.2,32.9,33.025,35.62,36.941176470588225,,DM Bravo
92,6,30,4,89,v England,1,Gros Islet,9 Feb 2019,2019,caught,3459,38.87,33.2,30.3,30.36666666666667,32.575,35.0,34.588235294117645,,DM Bravo
93,0,11,4,90,v England,1,Gros Islet,9 Feb 2019,2019,caught,3459,38.43,24.5,26.25,29.73333333333333,31.575,34.42,33.882352941176464,,DM Bravo
94,18,27,4,91,v India,1,North Sound,22 Aug 2019,2019,lbw,3477,38.21,14.7,26.1,30.16666666666667,30.475,34.56,33.39705882352941,,DM Bravo
95,2,10,4,92,v India,1,North Sound,22 Aug 2019,2019,bowled,3479,37.82,10.6,24.55,29.766666666666666,29.375,33.8,32.95588235294117,,DM Bravo
96,4,8,3,93,v India,1,Kingston,30 Aug 2019,2019,caught,3483,37.45,9.7,24.2,29.53333333333333,29.3,29.52,32.45588235294117,,DM Bravo
97,23,41,3,93,v India,0,Kingston,30 Aug 2019,2019,retired notout,3506,37.7,12.111111111111109,26.157894736842106,29.62068965517241,30.384615384615387,30.510204081632647,32.676470588235304,,DM Bravo
