,Runs,BF,Pos,Dismissal,Opposition,Dismissed,Ground,Start Date,Date,DisType,Tally,Ave,rolling10,rolling20,rolling30,rolling40,rolling50,rolling70,rolling100,Name
0,0,3,2,1,v New Zealand,1,Galle,17 Nov 2012,2012,lbw,0,0.0,,,,,,,,FDM Karunaratne
1,60,60,2,1,v New Zealand,0,Galle,17 Nov 2012,2012,not out,60,60.0,,,,,,,,FDM Karunaratne
2,14,32,1,2,v Australia,1,Hobart,14 Dec 2012,2012,caught,74,37.0,,,,,,,,FDM Karunaratne
3,30,81,1,3,v Australia,1,Hobart,14 Dec 2012,2012,bowled,104,34.67,,,,,,,,FDM Karunaratne
4,5,14,1,4,v Australia,1,Melbourne,26 Dec 2012,2012,caught,109,27.25,,,,,,,,FDM Karunaratne
5,1,3,1,5,v Australia,1,Melbourne,26 Dec 2012,2012,run out,110,22.0,,,,,,,,FDM Karunaratne
6,5,23,1,6,v Australia,1,Sydney,3 Jan 2013,2013,caught,115,19.17,,,,,,,,FDM Karunaratne
7,85,109,1,7,v Australia,1,Sydney,3 Jan 2013,2013,caught,200,28.57,,,,,,,,FDM Karunaratne
8,41,61,1,8,v Bangladesh,1,Galle,8 Mar 2013,2013,lbw,241,30.12,,,,,,,,FDM Karunaratne
9,3,16,1,9,v Bangladesh,1,Galle,8 Mar 2013,2013,caught,244,27.11,27.11111111111111,,,,,,,FDM Karunaratne
10,17,26,1,10,v Bangladesh,1,Colombo (RPS),16 Mar 2013,2013,caught,261,26.1,29.0,,,,,,,FDM Karunaratne
11,16,26,1,11,v Bangladesh,1,Colombo (RPS),16 Mar 2013,2013,lbw,277,25.18,21.7,,,,,,,FDM Karunaratne
12,38,62,1,12,v Pakistan,1,Abu Dhabi,31 Dec 2013,2013,caught,315,26.25,24.1,,,,,,,FDM Karunaratne
13,24,56,1,13,v Pakistan,1,Abu Dhabi,31 Dec 2013,2013,bowled,339,26.08,23.5,,,,,,,FDM Karunaratne
14,32,43,1,14,v Pakistan,1,Dubai (DSC),8 Jan 2014,2014,lbw,371,26.5,26.2,,,,,,,FDM Karunaratne
15,62,125,1,14,v Pakistan,0,Dubai (DSC),8 Jan 2014,2014,not out,433,30.93,35.888888888888886,,,,,,,FDM Karunaratne
16,34,93,1,15,v Pakistan,1,Sharjah,16 Jan 2014,2014,caught,467,31.13,39.111111111111114,,,,,,,FDM Karunaratne
17,8,16,1,16,v Pakistan,1,Sharjah,16 Jan 2014,2014,bowled,475,29.69,30.555555555555557,,,,,,,FDM Karunaratne
18,53,113,1,17,v Bangladesh,1,Dhaka,27 Jan 2014,2014,caught,528,31.06,31.88888888888889,,,,,,,FDM Karunaratne
19,31,61,1,18,v Bangladesh,1,Chattogram,4 Feb 2014,2014,caught,559,31.06,35.0,31.055555555555557,,,,,,FDM Karunaratne
20,15,38,1,19,v Bangladesh,1,Chattogram,4 Feb 2014,2014,caught,574,30.21,34.77777777777778,31.88888888888889,,,,,,FDM Karunaratne
21,38,38,1,20,v England,1,Lord's,12 Jun 2014,2014,caught,612,30.6,37.22222222222222,29.052631578947373,,,,,,FDM Karunaratne
22,16,24,1,21,v England,1,Lord's,12 Jun 2014,2014,caught,628,29.9,34.77777777777778,29.157894736842106,,,,,,FDM Karunaratne
23,28,65,1,22,v England,1,Leeds,20 Jun 2014,2014,bowled,656,29.82,35.22222222222222,29.052631578947373,,,,,,FDM Karunaratne
24,45,111,1,23,v England,1,Leeds,20 Jun 2014,2014,caught,701,30.48,36.66666666666666,31.157894736842106,,,,,,FDM Karunaratne
25,0,4,1,24,v New Zealand,1,Christchurch,26 Dec 2014,2014,lbw,701,29.21,26.8,31.105263157894736,,,,,,FDM Karunaratne
26,152,363,1,25,v New Zealand,1,Christchurch,26 Dec 2014,2014,bowled,853,34.12,38.6,38.8421052631579,,,,,,FDM Karunaratne
27,16,25,1,26,v New Zealand,1,Wellington,3 Jan 2015,2015,caught,869,33.42,39.4,35.21052631578947,,,,,,FDM Karunaratne
28,17,34,1,27,v New Zealand,1,Wellington,3 Jan 2015,2015,caught,886,32.81,35.8,33.94736842105263,,,,,,FDM Karunaratne
29,21,42,1,28,v Pakistan,1,Galle,17 Jun 2015,2015,caught,907,32.39,34.8,34.89473684210526,32.392857142857146,,,,,FDM Karunaratne
30,79,173,2,29,v Pakistan,1,Galle,17 Jun 2015,2015,stumped,986,34.0,41.2,38.1578947368421,35.214285714285715,,,,,FDM Karunaratne
31,28,67,1,30,v Pakistan,1,Colombo (PSS),25 Jun 2015,2015,caught,1014,33.8,40.2,38.78947368421053,32.89655172413793,,,,,FDM Karunaratne
32,50,57,1,31,v Pakistan,1,Colombo (PSS),25 Jun 2015,2015,lbw,1064,34.32,43.6,39.42105263157895,34.13793103448276,,,,,FDM Karunaratne
33,130,230,1,32,v Pakistan,1,Pallekele,3 Jul 2015,2015,stumped,1194,37.31,53.8,45.0,37.586206896551715,,,,,FDM Karunaratne
34,10,26,1,33,v Pakistan,1,Pallekele,3 Jul 2015,2015,bowled,1204,36.48,50.3,43.842105263157904,37.75862068965517,,,,,FDM Karunaratne
35,9,19,1,34,v India,1,Galle,12 Aug 2015,2015,caught,1213,35.68,51.2,39.0,38.03448275862068,,,,,FDM Karunaratne
36,0,5,1,35,v India,1,Galle,12 Aug 2015,2015,bowled,1213,34.66,36.0,37.3,37.862068965517246,,,,,FDM Karunaratne
37,1,5,1,36,v India,1,Colombo (PSS),20 Aug 2015,2015,lbw,1214,33.72,34.5,36.95,34.96551724137931,,,,,FDM Karunaratne
38,46,103,2,37,v India,1,Colombo (PSS),20 Aug 2015,2015,bowled,1260,34.05,37.4,36.6,35.13793103448276,,,,,FDM Karunaratne
39,11,37,3,38,v India,1,Colombo (SSC),28 Aug 2015,2015,caught,1271,33.45,36.4,35.6,35.413793103448285,33.44736842105263,,,,FDM Karunaratne
40,0,7,3,39,v India,1,Colombo (SSC),28 Aug 2015,2015,caught,1271,32.59,28.5,34.85,34.827586206896555,33.44736842105263,,,,FDM Karunaratne
41,186,354,1,40,v West Indies,1,Galle,14 Oct 2015,2015,caught,1457,36.42,44.3,42.25,40.68965517241379,35.82051282051282,,,,FDM Karunaratne
42,13,39,1,41,v West Indies,1,Colombo (PSS),22 Oct 2015,2015,lbw,1470,35.85,40.6,42.1,39.82758620689656,35.794871794871796,,,,FDM Karunaratne
43,0,1,1,42,v West Indies,1,Colombo (PSS),22 Oct 2015,2015,caught,1470,35.0,27.6,40.7,39.0,35.02564102564103,,,,FDM Karunaratne
44,84,198,1,43,v New Zealand,1,Dunedin,10 Dec 2015,2015,caught,1554,36.14,35.0,42.65,40.793103448275865,37.05128205128205,,,,FDM Karunaratne
45,29,72,1,44,v New Zealand,1,Dunedin,10 Dec 2015,2015,caught,1583,35.98,37.0,44.1,38.333333333333336,37.769230769230774,,,,FDM Karunaratne
46,12,45,1,45,v New Zealand,1,Hamilton,18 Dec 2015,2015,caught,1595,35.44,38.2,37.1,37.6,37.94871794871795,,,,FDM Karunaratne
47,27,65,1,46,v New Zealand,1,Hamilton,18 Dec 2015,2015,caught,1622,35.26,40.8,37.65,38.23333333333333,36.46153846153846,,,,FDM Karunaratne
48,0,12,1,47,v England,1,Leeds,19 May 2016,2016,caught,1622,34.51,36.2,36.8,36.46666666666667,35.4102564102564,,,,FDM Karunaratne
49,7,9,1,48,v England,1,Leeds,19 May 2016,2016,caught,1629,33.94,35.8,36.1,35.666666666666664,35.512820512820504,33.9375,,,FDM Karunaratne
50,9,14,1,49,v England,1,Chester-le-Street,27 May 2016,2016,bowled,1638,33.43,36.7,32.6,35.46666666666667,35.307692307692314,34.125,,,FDM Karunaratne
51,26,55,1,50,v England,1,Chester-le-Street,27 May 2016,2016,caught,1664,33.28,20.7,32.5,35.06666666666667,35.56410256410256,32.734693877551024,,,FDM Karunaratne
52,50,101,1,51,v England,1,Lord's,9 Jun 2016,2016,caught,1714,33.61,24.4,32.5,36.2,35.87179487179487,33.46938775510204,,,FDM Karunaratne
53,37,66,1,51,v England,0,Lord's,9 Jun 2016,2016,not out,1751,34.33,31.222222222222218,29.315789473684212,37.75862068965517,37.1578947368421,34.3125,,,FDM Karunaratne
54,5,12,1,52,v Australia,1,Pallekele,26 Jul 2016,2016,lbw,1756,33.77,22.444444444444446,29.052631578947373,36.379310344827594,36.44736842105263,34.3125,,,FDM Karunaratne
55,0,3,3,53,v Australia,1,Pallekele,26 Jul 2016,2016,lbw,1756,33.13,19.222222222222218,28.578947368421048,36.379310344827594,33.92307692307692,34.291666666666664,,,FDM Karunaratne
56,0,1,1,54,v Australia,1,Galle,4 Aug 2016,2016,caught,1756,32.52,17.88888888888889,28.578947368421048,31.13793103448276,33.05128205128205,34.1875,,,FDM Karunaratne
57,7,8,2,55,v Australia,1,Galle,4 Aug 2016,2016,caught,1763,32.05,15.666666666666664,28.894736842105264,30.82758620689655,33.02564102564103,32.5625,,,FDM Karunaratne
58,7,34,2,56,v Australia,1,Colombo (SSC),13 Aug 2016,2016,bowled,1770,31.61,16.444444444444443,26.842105263157894,30.48275862068965,31.84615384615385,31.85416666666667,,,FDM Karunaratne
59,22,42,2,57,v Australia,1,Colombo (SSC),13 Aug 2016,2016,stumped,1792,31.44,18.11111111111111,27.421052631578952,30.517241379310345,31.615384615384613,32.25,,,FDM Karunaratne
60,56,110,1,58,v Zimbabwe,1,Harare,29 Oct 2016,2016,caught,1848,31.86,23.33333333333333,30.36842105263158,29.724137931034484,32.666666666666664,33.0625,,,FDM Karunaratne
61,110,173,1,59,v Zimbabwe,1,Harare,29 Oct 2016,2016,caught,1958,33.19,32.666666666666664,26.36842105263158,32.55172413793103,34.51282051282051,35.020833333333336,,,FDM Karunaratne
62,26,43,1,60,v Zimbabwe,1,Harare,6 Nov 2016,2016,caught,1984,33.07,30.0,27.052631578947373,31.724137931034484,34.769230769230774,34.770833333333336,,,FDM Karunaratne
63,88,208,1,61,v Zimbabwe,1,Harare,6 Nov 2016,2016,lbw,2072,33.97,32.1,31.684210526315788,30.27586206896552,36.307692307692314,36.10416666666666,,,FDM Karunaratne
64,5,10,1,62,v South Africa,1,Port Elizabeth,26 Dec 2016,2016,bowled,2077,33.5,32.1,27.52631578947368,30.103448275862068,35.282051282051285,35.541666666666664,,,FDM Karunaratne
65,43,113,1,63,v South Africa,1,Port Elizabeth,26 Dec 2016,2016,run out,2120,33.65,36.4,28.26315789473684,31.27586206896552,36.384615384615394,34.42857142857143,,,FDM Karunaratne
66,24,76,1,64,v South Africa,1,Cape Town,2 Jan 2017,2017,caught,2144,33.5,38.8,28.894736842105264,32.10344827586207,33.1025641025641,34.224489795918366,,,FDM Karunaratne
67,6,19,1,65,v South Africa,1,Cape Town,2 Jan 2017,2017,bowled,2150,33.08,38.7,27.78947368421053,32.27586206896552,32.846153846153854,34.18367346938776,,,FDM Karunaratne
68,0,4,1,66,v South Africa,1,Johannesburg,12 Jan 2017,2017,caught,2150,32.58,38.0,27.78947368421053,30.689655172413797,32.41025641025641,33.102040816326536,,,FDM Karunaratne
69,50,78,1,67,v South Africa,1,Johannesburg,12 Jan 2017,2017,bowled,2200,32.84,40.8,30.052631578947373,32.03448275862069,33.153846153846146,33.48979591836735,32.83582089552239,,FDM Karunaratne
70,30,76,1,68,v Bangladesh,1,Galle,7 Mar 2017,2017,bowled,2230,32.79,38.2,31.157894736842106,33.06896551724138,31.897435897435894,33.79591836734693,33.28358208955224,,FDM Karunaratne
71,32,73,1,69,v Bangladesh,1,Galle,7 Mar 2017,2017,caught,2262,32.78,30.4,31.47368421052632,27.75862068965517,32.0,33.673469387755105,32.382352941176464,,FDM Karunaratne
72,7,32,1,70,v Bangladesh,1,Colombo (PSS),15 Mar 2017,2017,caught,2269,32.41,28.5,29.210526315789476,27.551724137931036,30.897435897435894,33.48979591836735,32.279411764705884,,FDM Karunaratne
73,126,244,1,71,v Bangladesh,1,Colombo (PSS),15 Mar 2017,2017,caught,2395,33.73,32.3,32.2,31.896551724137932,30.794871794871803,35.48979591836735,33.69117647058823,,FDM Karunaratne
74,25,66,1,72,v Zimbabwe,1,Colombo (RPS),14 Jul 2017,2017,caught,2420,33.61,34.3,33.2,29.86206896551724,31.179487179487182,35.081632653061234,33.98529411764706,,FDM Karunaratne
75,49,84,1,73,v Zimbabwe,1,Colombo (RPS),14 Jul 2017,2017,bowled,2469,33.82,34.9,35.65,30.551724137931036,32.205128205128204,36.08163265306123,34.69117647058823,,FDM Karunaratne
76,2,9,1,74,v India,1,Galle,26 Jul 2017,2017,lbw,2471,33.39,32.7,35.75,30.20689655172414,32.25641025641025,33.02040816326531,34.64705882352941,,FDM Karunaratne
77,97,208,1,75,v India,1,Galle,26 Jul 2017,2017,bowled,2568,34.24,41.8,40.25,32.62068965517241,34.717948717948715,34.673469387755105,34.823529411764696,,FDM Karunaratne
78,25,45,1,76,v India,1,Colombo (SSC),3 Aug 2017,2017,caught,2593,34.12,44.3,41.15,33.48275862068966,34.17948717948718,34.83673469387755,34.588235294117645,,FDM Karunaratne
79,141,307,1,77,v India,1,Colombo (SSC),3 Aug 2017,2017,caught,2734,35.51,53.4,47.1,38.10344827586207,37.512820512820504,37.285714285714285,36.617647058823536,,FDM Karunaratne
80,4,15,1,78,v India,1,Pallekele,12 Aug 2017,2017,caught,2738,35.1,50.8,44.5,37.93103448275862,37.615384615384606,35.755102040816325,36.4264705882353,,FDM Karunaratne
81,16,48,1,79,v India,1,Pallekele,12 Aug 2017,2017,caught,2754,34.86,49.2,39.8,37.586206896551715,33.25641025641025,35.51020408163265,36.4264705882353,,FDM Karunaratne
82,93,205,1,80,v Pakistan,1,Abu Dhabi,28 Sep 2017,2017,run out,2847,35.59,57.8,43.15,39.06896551724138,35.307692307692314,36.38775510204081,37.23529411764706,,FDM Karunaratne
83,10,23,1,81,v Pakistan,1,Abu Dhabi,28 Sep 2017,2017,caught,2857,35.27,46.2,39.25,36.86666666666667,35.56410256410256,33.938775510204074,37.02941176470589,,FDM Karunaratne
84,196,405,1,82,v Pakistan,1,Dubai (DSC),6 Oct 2017,2017,bowled,3053,37.23,63.3,48.8,43.23333333333333,38.43589743589744,37.734693877551024,39.441176470588225,,FDM Karunaratne
85,7,27,1,83,v Pakistan,1,Dubai (DSC),6 Oct 2017,2017,bowled,3060,36.87,59.1,47.0,43.46666666666667,37.87179487179487,37.69387755102041,38.072463768115945,,FDM Karunaratne
86,8,15,2,84,v India,1,Kolkata,16 Nov 2017,2017,lbw,3068,36.52,59.7,46.2,43.73333333333333,37.769230769230774,37.857142857142854,37.69565217391305,,FDM Karunaratne
87,1,6,2,85,v India,1,Kolkata,16 Nov 2017,2017,bowled,3069,36.11,50.1,45.95,43.53333333333333,37.1025641025641,37.857142857142854,37.594202898550726,,FDM Karunaratne
88,51,147,2,86,v India,1,Nagpur,24 Nov 2017,2017,lbw,3120,36.28,52.7,48.5,45.0,38.4102564102564,37.95918367346939,37.56521739130435,,FDM Karunaratne
89,18,45,2,87,v India,1,Nagpur,24 Nov 2017,2017,caught,3138,36.07,40.4,46.9,44.86666666666667,38.692307692307686,38.102040816326536,37.3768115942029,,FDM Karunaratne
90,0,1,1,88,v India,1,Delhi,2 Dec 2017,2017,caught,3138,35.66,40.0,45.4,43.0,38.46153846153846,38.102040816326536,37.15942028985507,,FDM Karunaratne
91,13,46,1,89,v India,1,Delhi,2 Dec 2017,2017,caught,3151,35.4,39.7,44.45,39.766666666666666,38.12820512820513,34.57142857142857,36.79710144927536,,FDM Karunaratne
92,0,9,1,90,v Bangladesh,1,Chattogram,31 Jan 2018,2018,caught,3151,35.01,30.4,44.1,38.9,36.846153846153854,34.306122448979586,36.56521739130435,,FDM Karunaratne
93,3,12,2,91,v Bangladesh,1,Dhaka,8 Feb 2018,2018,stumped,3154,34.66,29.7,37.95,36.06666666666667,35.075,34.36734693877551,36.20289855072464,,FDM Karunaratne
94,32,105,1,92,v Bangladesh,1,Dhaka,8 Feb 2018,2018,caught,3186,34.63,13.3,38.3,36.96666666666667,35.75,33.306122448979586,36.01449275362319,,FDM Karunaratne
95,158,222,2,92,v South Africa,0,Galle,12 Jul 2018,2018,not out,3344,36.35,31.555555555555557,46.05263157894736,42.206896551724135,40.717948717948715,36.6875,38.867647058823536,,FDM Karunaratne
96,60,80,2,93,v South Africa,1,Galle,12 Jul 2018,2018,caught,3404,36.6,37.333333333333336,49.10526315789475,43.44827586206897,42.256410256410255,37.6875,37.51470588235294,,FDM Karunaratne
97,53,110,2,94,v South Africa,1,Colombo (SSC),20 Jul 2018,2018,caught,3457,36.78,43.111111111111114,46.78947368421053,45.06896551724138,43.43589743589744,38.22916666666666,38.058823529411775,,FDM Karunaratne
98,85,136,2,95,v South Africa,1,Colombo (SSC),20 Jul 2018,2018,caught,3542,37.28,46.88888888888889,49.94736842105264,48.0,45.43589743589744,40.0,39.058823529411775,,FDM Karunaratne
99,4,2,1,96,v England,1,Galle,6 Nov 2018,2018,caught,3546,36.94,45.33333333333334,42.73684210526316,46.41379310344828,44.97435897435897,39.9375,38.808823529411775,36.9375,FDM Karunaratne
100,26,86,1,97,v England,1,Galle,6 Nov 2018,2018,caught,3572,36.82,48.22222222222222,43.89473684210525,46.27586206896552,44.20512820512821,40.29166666666666,38.02941176470589,37.208333333333336,FDM Karunaratne
101,63,125,1,98,v England,1,Pallekele,14 Nov 2018,2018,run out,3635,37.09,53.77777777777778,46.368421052631575,47.3448275862069,43.0,41.0625,38.54411764705883,36.85567010309278,FDM Karunaratne
102,57,96,1,99,v England,1,Pallekele,14 Nov 2018,2018,caught,3692,37.29,60.111111111111114,44.47368421052632,49.06896551724138,43.794871794871796,41.208333333333336,38.647058823529406,37.29896907216496,FDM Karunaratne
103,83,125,2,100,v England,1,Colombo (SSC),23 Nov 2018,2018,caught,3775,37.75,69.0,48.31578947368421,47.58620689655172,43.66666666666666,41.30612244897959,37.95588235294117,37.845360824742265,FDM Karunaratne
104,23,36,2,101,v England,1,Colombo (SSC),23 Nov 2018,2018,bowled,3798,37.6,68.0,39.21052631578947,47.51724137931034,44.12820512820514,41.673469387755105,38.147058823529406,38.03092783505154,FDM Karunaratne
105,79,144,2,102,v New Zealand,1,Wellington,15 Dec 2018,2018,caught,3877,38.01,53.3,43.0,48.55172413793103,45.051282051282044,43.28571428571429,39.1764705882353,38.835051546391746,FDM Karunaratne
106,10,13,2,103,v New Zealand,1,Wellington,15 Dec 2018,2018,caught,3887,37.74,48.3,43.10526315789475,48.82758620689656,44.69230769230769,43.48979591836735,39.3235294117647,38.88659793814433,FDM Karunaratne
107,7,9,2,104,v New Zealand,1,Christchurch,26 Dec 2018,2018,caught,3894,37.44,43.7,43.42105263157895,45.72413793103448,44.71794871794872,43.48979591836735,39.411764705882355,38.082474226804116,FDM Karunaratne
108,0,2,2,105,v New Zealand,1,Christchurch,26 Dec 2018,2018,caught,3894,37.09,35.2,40.73684210526316,44.862068965517246,44.71794871794872,43.3469387755102,38.73529411764706,37.659793814432994,FDM Karunaratne
109,24,70,1,106,v Australia,1,Brisbane,24 Jan 2019,2019,caught,3918,36.96,37.2,41.05263157894737,40.82758620689656,44.051282051282044,43.38775510204081,38.9264705882353,37.87628865979381,FDM Karunaratne
110,3,18,1,107,v Australia,1,Brisbane,24 Jan 2019,2019,caught,3921,36.64,34.9,41.21052631578947,40.793103448275865,43.358974358974365,42.30612244897959,38.970588235294116,37.7319587628866,FDM Karunaratne
111,59,95,1,108,v Australia,1,Canberra,1 Feb 2019,2019,caught,3980,36.85,34.5,43.631578947368425,42.27586206896552,44.051282051282044,41.265306122448976,37.102941176470594,38.17525773195877,FDM Karunaratne
112,8,21,1,109,v Australia,1,Canberra,1 Feb 2019,2019,bowled,3988,36.59,29.6,44.05263157894736,39.3448275862069,44.07692307692307,40.897959183673464,37.02941176470589,37.865979381443296,FDM Karunaratne
113,30,59,1,110,v South Africa,1,Durban,13 Feb 2019,2019,lbw,4018,36.53,24.3,45.47368421052632,40.03448275862068,41.615384615384606,39.714285714285715,37.470588235294116,37.927835051546396,FDM Karunaratne
114,20,47,1,111,v South Africa,1,Durban,13 Feb 2019,2019,lbw,4038,36.38,24.0,44.842105263157904,33.96551724137931,41.487179487179496,40.020408163265316,36.52941176470589,37.8041237113402,FDM Karunaratne
115,17,42,1,112,v South Africa,1,Port Elizabeth,21 Feb 2019,2019,caught,4055,36.21,17.8,35.55,34.31034482758621,40.66666666666666,39.48979591836735,36.352941176470594,36.95918367346939,FDM Karunaratne
116,19,31,1,113,v South Africa,1,Port Elizabeth,21 Feb 2019,2019,caught,4074,36.05,18.7,33.5,34.6896551724138,41.1025641025641,39.38775510204081,36.45588235294117,36.80612244897959,FDM Karunaratne
117,39,73,1,114,v New Zealand,1,Galle,14 Aug 2019,2019,lbw,4113,36.08,21.9,32.8,36.0,39.615384615384606,40.061224489795926,36.632352941176464,37.122448979591844,FDM Karunaratne
118,122,243,1,115,v New Zealand,1,Galle,14 Aug 2019,2019,caught,4235,36.83,34.1,34.65,38.44827586206897,42.1025641025641,42.551020408163275,38.4264705882353,37.826530612244895,FDM Karunaratne
119,65,165,1,116,v New Zealand,1,Colombo (PSS),22 Aug 2019,2019,caught,4300,37.07,38.2,37.7,40.06896551724138,40.153846153846146,42.857142857142854,39.27941176470589,38.173469387755105,FDM Karunaratne
120,21,70,7,117,v New Zealand,1,Colombo (PSS),22 Aug 2019,2019,lbw,4321,36.93,40.0,37.45,40.793103448275865,40.5897435897436,42.673469387755105,39.45588235294117,38.234693877551024,FDM Karunaratne
