,Runs,BF,Pos,Dismissal,Opposition,Dismissed,Ground,Start Date,Date,DisType,Tally,Ave,rolling10,rolling20,rolling30,rolling40,rolling50,rolling70,rolling100,Name
0,41,81,5,1,v Australia,1,The Oval,20 Aug 2009,2009,run out,41,41.0,,,,,,,,IJL Trott
1,119,193,5,2,v Australia,1,The Oval,20 Aug 2009,2009,caught,160,80.0,,,,,,,,IJL Trott
2,28,117,3,3,v South Africa,1,Centurion,16 Dec 2009,2009,bowled,188,62.67,,,,,,,,IJL Trott
3,69,212,4,4,v South Africa,1,Centurion,16 Dec 2009,2009,caught,257,64.25,,,,,,,,IJL Trott
4,18,31,3,5,v South Africa,1,Durban,26 Dec 2009,2009,caught,275,55.0,,,,,,,,IJL Trott
5,20,36,3,6,v South Africa,1,Cape Town,3 Jan 2010,2010,bowled,295,49.17,,,,,,,,IJL Trott
6,42,99,3,7,v South Africa,1,Cape Town,3 Jan 2010,2010,bowled,337,48.14,,,,,,,,IJL Trott
7,5,8,3,8,v South Africa,1,Johannesburg,14 Jan 2010,2010,lbw,342,42.75,,,,,,,,IJL Trott
8,8,9,3,9,v South Africa,1,Johannesburg,14 Jan 2010,2010,caught,350,38.89,,,,,,,,IJL Trott
9,39,77,3,10,v Bangladesh,1,Chattogram,12 Mar 2010,2010,caught,389,38.9,38.9,,,,,,,IJL Trott
10,14,25,3,11,v Bangladesh,1,Chattogram,12 Mar 2010,2010,caught,403,36.64,36.2,,,,,,,IJL Trott
11,64,195,2,12,v Bangladesh,1,Dhaka,20 Mar 2010,2010,bowled,467,38.92,30.7,,,,,,,IJL Trott
12,19,30,2,13,v Bangladesh,1,Dhaka,20 Mar 2010,2010,run out,486,37.38,29.8,,,,,,,IJL Trott
13,226,349,3,14,v Bangladesh,1,Lord's,27 May 2010,2010,caught,712,50.86,45.5,,,,,,,IJL Trott
14,36,75,3,14,v Bangladesh,0,Lord's,27 May 2010,2010,not out,748,53.43,52.555555555555564,,,,,,,IJL Trott
15,3,5,3,15,v Bangladesh,1,Manchester,4 Jun 2010,2010,bowled,751,50.07,50.66666666666666,,,,,,,IJL Trott
16,38,67,3,16,v Pakistan,1,Nottingham,29 Jul 2010,2010,lbw,789,49.31,50.22222222222222,,,,,,,IJL Trott
17,26,55,3,17,v Pakistan,1,Nottingham,29 Jul 2010,2010,bowled,815,47.94,52.555555555555564,,,,,,,IJL Trott
18,55,125,3,18,v Pakistan,1,Birmingham,6 Aug 2010,2010,caught,870,48.33,57.77777777777778,,,,,,,IJL Trott
19,53,101,3,18,v Pakistan,0,Birmingham,6 Aug 2010,2010,not out,923,51.28,66.75,51.27777777777778,,,,,,IJL Trott
20,12,34,3,19,v Pakistan,1,The Oval,18 Aug 2010,2010,caught,935,49.21,66.5,49.66666666666666,,,,,,IJL Trott
21,36,130,4,20,v Pakistan,1,The Oval,18 Aug 2010,2010,caught,971,48.55,63.0,45.055555555555564,,,,,,IJL Trott
22,184,383,3,21,v Pakistan,1,Lord's,26 Aug 2010,2010,caught,1155,55.0,83.625,53.72222222222222,,,,,,IJL Trott
23,29,53,3,22,v Australia,1,Brisbane,25 Nov 2010,2010,bowled,1184,53.82,59.0,51.5,,,,,,IJL Trott
24,135,266,3,22,v Australia,0,Brisbane,25 Nov 2010,2010,not out,1319,59.95,71.375,61.411764705882355,,,,,,IJL Trott
25,78,144,3,23,v Australia,1,Adelaide,3 Dec 2010,2010,caught,1397,60.74,80.75,64.82352941176471,,,,,,IJL Trott
26,4,8,3,24,v Australia,1,Perth,16 Dec 2010,2010,lbw,1401,58.38,76.5,62.58823529411765,,,,,,IJL Trott
27,31,61,3,25,v Australia,1,Perth,16 Dec 2010,2010,caught,1432,57.28,77.125,64.11764705882354,,,,,,IJL Trott
28,168,345,3,25,v Australia,0,Melbourne,26 Dec 2010,2010,not out,1600,64.0,104.28571428571428,78.125,,,,,,IJL Trott
29,0,6,3,26,v Australia,1,Sydney,3 Jan 2011,2011,bowled,1600,61.54,84.625,75.6875,61.53846153846154,,,,,IJL Trott
30,203,409,4,27,v Sri Lanka,1,Cardiff,26 May 2011,2011,bowled,1803,66.78,108.5,87.5,67.76923076923077,,,,,IJL Trott
31,2,9,3,28,v Sri Lanka,1,Lord's,3 Jun 2011,2011,lbw,1805,64.46,104.25,83.625,63.269230769230774,,,,,IJL Trott
32,58,75,3,29,v Sri Lanka,1,Lord's,3 Jun 2011,2011,bowled,1863,64.24,88.5,86.0625,64.42307692307692,,,,,IJL Trott
33,4,17,3,30,v Sri Lanka,1,Southampton,16 Jun 2011,2011,caught,1867,62.23,85.375,72.1875,61.92307692307693,,,,,IJL Trott
34,70,140,3,31,v India,1,Lord's,21 Jul 2011,2011,lbw,1937,62.48,68.66666666666667,69.94117647058823,63.92307692307693,,,,,IJL Trott
35,22,55,3,32,v India,1,Lord's,21 Jul 2011,2011,bowled,1959,61.22,62.444444444444436,71.05882352941177,64.0,,,,,IJL Trott
36,4,15,3,33,v India,1,Nottingham,29 Jul 2011,2011,caught,1963,59.48,62.444444444444436,69.05882352941177,62.53846153846154,,,,,IJL Trott
37,2,10,7,34,v India,1,Nottingham,29 Jul 2011,2011,caught,1965,57.79,59.22222222222222,67.64705882352939,62.42307692307693,,,,,IJL Trott
38,17,29,3,35,v Pakistan,1,Dubai (DSC),17 Jan 2012,2012,caught,1982,56.63,38.2,65.41176470588235,62.769230769230774,,,,,IJL Trott
39,49,111,3,36,v Pakistan,1,Dubai (DSC),17 Jan 2012,2012,caught,2031,56.42,43.1,61.555555555555564,63.153846153846146,56.41666666666666,,,,IJL Trott
40,74,158,3,37,v Pakistan,1,Abu Dhabi,25 Jan 2012,2012,bowled,2105,56.89,30.2,65.0,65.46153846153847,57.33333333333334,,,,IJL Trott
41,1,11,7,38,v Pakistan,1,Abu Dhabi,25 Jan 2012,2012,lbw,2106,55.42,30.1,63.055555555555564,63.03846153846154,54.055555555555564,,,,IJL Trott
42,2,10,3,39,v Pakistan,1,Dubai (DSC),3 Feb 2012,2012,lbw,2108,54.05,24.5,52.944444444444436,62.384615384615394,53.33333333333334,,,,IJL Trott
43,18,64,3,40,v Pakistan,1,Dubai (DSC),3 Feb 2012,2012,caught,2126,53.15,25.9,52.33333333333334,54.384615384615394,51.91666666666666,,,,IJL Trott
44,12,24,3,41,v Sri Lanka,1,Galle,26 Mar 2012,2012,stumped,2138,52.15,20.1,43.10526315789475,51.481481481481474,51.75,,,,IJL Trott
45,112,266,3,42,v Sri Lanka,1,Galle,26 Mar 2012,2012,caught,2250,53.57,29.1,44.89473684210525,55.518518518518526,54.305555555555564,,,,IJL Trott
46,64,137,3,43,v Sri Lanka,1,Colombo (PSS),3 Apr 2012,2012,caught,2314,53.81,35.1,48.05263157894736,56.481481481481474,54.91666666666666,,,,IJL Trott
47,5,15,3,44,v Sri Lanka,1,Colombo (PSS),3 Apr 2012,2012,lbw,2319,52.7,35.4,46.68421052631579,55.7037037037037,54.91666666666666,,,,IJL Trott
48,58,134,3,45,v West Indies,1,Lord's,17 May 2012,2012,caught,2377,52.82,39.5,38.85,55.814814814814824,56.305555555555564,,,,IJL Trott
49,13,21,4,46,v West Indies,1,Lord's,17 May 2012,2012,caught,2390,51.96,35.9,39.5,52.39285714285714,55.58333333333334,51.95652173913044,,,IJL Trott
50,35,54,3,47,v West Indies,1,Nottingham,25 May 2012,2012,lbw,2425,51.6,32.0,31.1,53.214285714285715,56.16666666666666,51.82608695652174,,,IJL Trott
51,17,27,3,47,v West Indies,0,Nottingham,25 May 2012,2012,not out,2442,51.96,37.333333333333336,33.526315789473685,54.481481481481474,56.42857142857143,50.71111111111111,,,IJL Trott
52,17,23,3,48,v West Indies,1,Birmingham,7 Jun 2012,2012,bowled,2459,51.23,39.0,31.36842105263158,48.2962962962963,56.371428571428574,50.46666666666667,,,IJL Trott
53,71,162,3,49,v South Africa,1,The Oval,19 Jul 2012,2012,caught,2530,51.63,44.88888888888889,34.89473684210526,49.85185185185186,51.94285714285714,50.511111111111106,,,IJL Trott
54,10,27,3,50,v South Africa,1,The Oval,19 Jul 2012,2012,caught,2540,50.8,44.66666666666666,31.73684210526316,43.60714285714285,49.77777777777778,50.33333333333334,,,IJL Trott
55,35,77,3,51,v South Africa,1,Leeds,2 Aug 2012,2012,caught,2575,50.49,36.111111111111114,32.421052631578945,42.07142857142857,50.66666666666666,50.66666666666666,,,IJL Trott
56,30,57,4,51,v South Africa,0,Leeds,2 Aug 2012,2012,not out,2605,51.08,36.375,35.666666666666664,44.5925925925926,51.88571428571429,51.54545454545455,,,IJL Trott
57,8,10,3,52,v South Africa,1,Lord's,16 Aug 2012,2012,lbw,2613,50.25,36.75,36.0,43.74074074074074,51.371428571428574,51.61363636363637,,,IJL Trott
58,63,159,3,53,v South Africa,1,Lord's,16 Aug 2012,2012,caught,2676,50.49,37.375,38.555555555555564,38.42857142857143,51.6,52.86363636363637,,,IJL Trott
59,0,4,4,54,v India,1,Ahmedabad,15 Nov 2012,2012,caught,2676,49.56,35.75,35.833333333333336,38.42857142857143,48.694444444444436,51.97727272727273,,,IJL Trott
60,17,43,3,55,v India,1,Ahmedabad,15 Nov 2012,2012,caught,2693,48.96,33.5,32.666666666666664,31.785714285714285,48.83333333333334,52.04545454545455,,,IJL Trott
61,0,6,3,56,v India,1,Mumbai,23 Nov 2012,2012,lbw,2693,48.09,27.88888888888889,32.611111111111114,31.714285714285715,47.83333333333334,50.59090909090909,,,IJL Trott
62,87,223,3,57,v India,1,Kolkata,5 Dec 2012,2012,caught,2780,48.77,35.666666666666664,37.333333333333336,32.75,45.13888888888889,52.13636363636363,,,IJL Trott
63,3,6,3,58,v India,1,Kolkata,5 Dec 2012,2012,lbw,2783,47.98,28.11111111111111,36.5,32.714285714285715,44.41666666666666,47.06818181818182,,,IJL Trott
64,44,133,3,59,v India,1,Nagpur,13 Dec 2012,2012,bowled,2827,47.92,31.88888888888889,38.27777777777778,31.785714285714285,40.75675675675676,46.2,,,IJL Trott
65,143,310,3,60,v India,1,Nagpur,13 Dec 2012,2012,caught,2970,49.5,43.88888888888889,40.0,36.107142857142854,42.51351351351352,49.31111111111111,,,IJL Trott
66,45,121,3,61,v New Zealand,1,Dunedin,6 Mar 2013,2013,caught,3015,49.43,41.0,38.944444444444436,37.57142857142857,43.62162162162162,49.46666666666667,,,IJL Trott
67,52,94,4,62,v New Zealand,1,Dunedin,6 Mar 2013,2013,caught,3067,49.47,45.4,41.555555555555564,39.357142857142854,44.189189189189186,50.04444444444446,,,IJL Trott
68,121,235,3,63,v New Zealand,1,Wellington,14 Mar 2013,2013,caught,3188,50.6,51.2,45.055555555555564,43.07142857142857,41.78947368421053,51.511111111111106,,,IJL Trott
69,27,44,3,64,v New Zealand,1,Auckland,22 Mar 2013,2013,lbw,3215,50.23,53.9,45.83333333333334,42.285714285714285,42.5,49.82608695652174,50.234375,,IJL Trott
70,37,66,3,65,v New Zealand,1,Auckland,22 Mar 2013,2013,caught,3252,50.03,55.9,45.944444444444436,40.964285714285715,38.131578947368425,50.3695652173913,50.171875,,IJL Trott
71,39,96,3,66,v New Zealand,1,Lord's,16 May 2013,2013,caught,3291,49.86,59.8,44.68421052631579,42.32142857142857,39.10526315789474,50.43478260869565,48.921875,,IJL Trott
72,56,137,3,67,v New Zealand,1,Lord's,16 May 2013,2013,bowled,3347,49.96,56.7,46.73684210526316,44.25,39.05263157894737,47.65217391304348,49.359375,,IJL Trott
73,28,60,3,68,v New Zealand,1,Leeds,24 May 2013,2013,caught,3375,49.63,59.2,44.47368421052632,44.60714285714285,39.68421052631579,47.6304347826087,48.71875,,IJL Trott
74,76,164,3,69,v New Zealand,1,Leeds,24 May 2013,2013,caught,3451,50.01,62.4,47.94736842105264,46.89285714285714,39.8421052631579,45.361702127659576,49.625,,IJL Trott
75,48,80,3,70,v Australia,1,Nottingham,10 Jul 2013,2013,bowled,3499,49.99,52.9,48.631578947368425,44.60714285714285,40.526315789473685,44.723404255319146,50.0625,,IJL Trott
76,0,1,3,71,v Australia,1,Nottingham,10 Jul 2013,2013,lbw,3499,49.28,48.4,44.7,42.32142857142857,40.42105263157895,44.63829787234041,49.40625,,IJL Trott
77,58,87,3,72,v Australia,1,Lord's,18 Jul 2013,2013,caught,3557,49.4,49.0,47.2,44.214285714285715,41.89473684210526,45.21276595744681,50.234375,,IJL Trott
78,0,6,3,73,v Australia,1,Lord's,18 Jul 2013,2013,bowled,3557,48.73,36.9,44.05,42.142857142857146,41.44736842105263,40.770833333333336,50.109375,,IJL Trott
79,5,32,4,74,v Australia,1,Manchester,1 Aug 2013,2013,caught,3562,48.14,34.7,44.3,41.857142857142854,40.28947368421053,40.875,49.578125,,IJL Trott
80,11,27,3,75,v Australia,1,Manchester,1 Aug 2013,2013,caught,3573,47.64,32.1,44.0,41.0,38.631578947368425,36.875,49.53125,,IJL Trott
81,49,60,3,76,v Australia,1,Chester-le-Street,9 Aug 2013,2013,caught,3622,47.66,33.1,46.45,40.68965517241379,39.89473684210526,37.85416666666666,49.296875,,IJL Trott
82,23,29,3,77,v Australia,1,Chester-le-Street,9 Aug 2013,2013,caught,3645,47.34,29.8,43.25,40.89655172413793,40.44736842105263,37.125,49.359375,,IJL Trott
83,40,134,3,78,v Australia,1,The Oval,21 Aug 2013,2013,lbw,3685,47.24,31.0,45.1,39.82758620689656,41.026315789473685,37.875,46.453125,,IJL Trott
84,59,87,3,79,v Australia,1,The Oval,21 Aug 2013,2013,lbw,3744,47.39,29.3,45.85,41.51724137931035,42.26315789473684,37.645833333333336,46.09230769230769,,IJL Trott
85,10,19,3,80,v Australia,1,Brisbane,21 Nov 2013,2013,caught,3754,46.92,25.5,39.2,40.6551724137931,39.578947368421055,37.395833333333336,46.2,,IJL Trott
86,9,9,3,81,v Australia,1,Brisbane,21 Nov 2013,2013,caught,3763,46.46,26.4,37.4,38.6,38.131578947368425,37.5,45.75384615384616,,IJL Trott
87,0,3,2,82,v West Indies,1,North Sound,13 Apr 2015,2015,caught,3763,45.89,20.6,34.8,38.333333333333336,38.0,37.458333333333336,45.353846153846156,,IJL Trott
88,4,15,2,83,v West Indies,1,North Sound,13 Apr 2015,2015,caught,3767,45.39,21.0,28.95,36.36666666666667,36.578947368421055,37.1875,44.56923076923078,,IJL Trott
89,59,147,2,84,v West Indies,1,St George's,21 Apr 2015,2015,caught,3826,45.55,26.4,30.55,38.333333333333336,37.78947368421053,37.395833333333336,43.98484848484848,,IJL Trott
90,0,3,2,85,v West Indies,1,St George's,21 Apr 2015,2015,bowled,3826,45.01,25.3,28.7,37.766666666666666,36.868421052631575,35.854166666666664,43.80303030303031,,IJL Trott
91,0,3,2,86,v West Indies,1,Bridgetown,1 May 2015,2015,caught,3826,44.49,20.4,26.75,37.766666666666666,35.487179487179496,35.833333333333336,43.25757575757576,,IJL Trott
92,9,18,2,87,v West Indies,1,Bridgetown,1 May 2015,2015,lbw,3835,44.08,19.0,24.4,35.166666666666664,35.282051282051285,35.979166666666664,40.60606060606061,,IJL Trott
