,Runs,BF,Pos,Dismissal,Opposition,Dismissed,Ground,Start Date,Date,DisType,Tally,Ave,rolling10,rolling20,rolling30,rolling40,rolling50,rolling70,rolling100,Name
0,162,343,1,1,v England,1,Brisbane,26 Nov 1982,1982,bowled,162,162.0,,,,,,,,KC Wessels
1,46,81,1,2,v England,1,Brisbane,26 Nov 1982,1982,bowled,208,104.0,,,,,,,,KC Wessels
2,44,89,1,3,v England,1,Adelaide,10 Dec 1982,1982,caught,252,84.0,,,,,,,,KC Wessels
3,1,7,1,4,v England,1,Adelaide,10 Dec 1982,1982,caught,253,63.25,,,,,,,,KC Wessels
4,47,64,1,5,v England,1,Melbourne,26 Dec 1982,1982,bowled,300,60.0,,,,,,,,KC Wessels
5,14,30,1,6,v England,1,Melbourne,26 Dec 1982,1982,bowled,314,52.33,,,,,,,,KC Wessels
6,19,47,1,7,v England,1,Sydney,2 Jan 1983,1983,caught,333,47.57,,,,,,,,KC Wessels
7,53,89,1,8,v England,1,Sydney,2 Jan 1983,1983,lbw,386,48.25,,,,,,,,KC Wessels
8,141,188,1,9,v Sri Lanka,1,Kandy,22 Apr 1983,1983,caught,527,58.56,,,,,,,,KC Wessels
9,12,35,1,10,v Pakistan,1,Perth,11 Nov 1983,1983,caught,539,53.9,53.9,,,,,,,KC Wessels
10,35,58,1,11,v Pakistan,1,Brisbane,25 Nov 1983,1983,caught,574,52.18,41.2,,,,,,,KC Wessels
11,179,233,1,12,v Pakistan,1,Adelaide,9 Dec 1983,1983,caught,753,62.75,54.5,,,,,,,KC Wessels
12,2,8,1,13,v Pakistan,1,Adelaide,9 Dec 1983,1983,caught,755,58.08,50.3,,,,,,,KC Wessels
13,11,25,1,14,v Pakistan,1,Melbourne,26 Dec 1983,1983,caught,766,54.71,51.3,,,,,,,KC Wessels
14,3,18,1,15,v Pakistan,1,Sydney,2 Jan 1984,1984,caught,769,51.27,46.9,,,,,,,KC Wessels
15,14,13,1,15,v Pakistan,0,Sydney,2 Jan 1984,1984,not out,783,52.2,52.111111111111114,,,,,,,KC Wessels
16,4,23,2,16,v West Indies,1,Georgetown,2 Mar 1984,1984,caught,787,49.19,50.444444444444436,,,,,,,KC Wessels
17,20,56,1,17,v West Indies,1,Georgetown,2 Mar 1984,1984,caught,807,47.47,46.77777777777778,,,,,,,KC Wessels
18,4,5,1,18,v West Indies,1,Port of Spain,16 Mar 1984,1984,caught,811,45.06,31.555555555555557,,,,,,,KC Wessels
19,4,36,1,19,v West Indies,1,Port of Spain,16 Mar 1984,1984,lbw,815,42.89,30.66666666666667,42.89473684210526,,,,,,KC Wessels
20,13,28,1,20,v West Indies,1,Perth,9 Nov 1984,1984,caught,828,41.4,28.222222222222218,35.05263157894737,,,,,,KC Wessels
21,0,6,1,21,v West Indies,1,Perth,9 Nov 1984,1984,caught,828,39.43,8.333333333333334,32.631578947368425,,,,,,KC Wessels
22,0,2,2,22,v West Indies,1,Brisbane,23 Nov 1984,1984,bowled,828,37.64,8.11111111111111,30.315789473684212,,,,,,KC Wessels
23,61,90,2,23,v West Indies,1,Brisbane,23 Nov 1984,1984,caught,889,38.65,13.666666666666664,33.473684210526315,,,,,,KC Wessels
24,98,164,3,24,v West Indies,1,Adelaide,7 Dec 1984,1984,bowled,987,41.12,24.222222222222218,36.1578947368421,,,,,,KC Wessels
25,70,87,1,25,v West Indies,1,Adelaide,7 Dec 1984,1984,caught,1057,42.28,27.4,39.10526315789474,,,,,,KC Wessels
26,90,151,3,26,v West Indies,1,Melbourne,22 Dec 1984,1984,caught,1147,44.12,36.0,42.8421052631579,,,,,,KC Wessels
27,0,3,3,27,v West Indies,1,Melbourne,22 Dec 1984,1984,bowled,1147,42.48,34.0,40.05263157894737,,,,,,KC Wessels
28,173,352,3,28,v West Indies,1,Sydney,30 Dec 1984,1984,bowled,1320,47.14,50.9,41.73684210526316,,,,,,KC Wessels
29,36,103,3,29,v England,1,Leeds,13 Jun 1985,1985,caught,1356,46.76,54.1,43.0,46.75862068965517,,,,,KC Wessels
30,64,128,3,30,v England,1,Leeds,13 Jun 1985,1985,bowled,1420,47.33,59.2,44.526315789473685,43.379310344827594,,,,,KC Wessels
31,11,42,3,31,v England,1,Lord's,27 Jun 1985,1985,lbw,1431,46.16,60.3,35.68421052631579,42.17241379310345,,,,,KC Wessels
32,28,86,3,32,v England,1,Lord's,27 Jun 1985,1985,run out,1459,45.59,63.1,37.05263157894737,41.620689655172406,,,,,KC Wessels
33,33,85,4,33,v England,1,Nottingham,11 Jul 1985,1985,caught,1492,45.21,60.3,38.21052631578947,42.72413793103448,,,,,KC Wessels
34,34,61,1,34,v England,1,Manchester,1 Aug 1985,1985,caught,1526,44.88,53.9,39.8421052631579,42.27586206896552,,,,,KC Wessels
35,50,115,3,35,v England,1,Manchester,1 Aug 1985,1985,caught,1576,45.03,51.9,39.65,43.51724137931034,,,,,KC Wessels
36,83,205,3,36,v England,1,Birmingham,15 Aug 1985,1985,caught,1659,46.08,51.2,43.6,45.72413793103448,,,,,KC Wessels
37,10,36,3,37,v England,1,Birmingham,15 Aug 1985,1985,caught,1669,45.11,52.2,43.1,44.24137931034483,,,,,KC Wessels
38,12,51,3,38,v England,1,The Oval,29 Aug 1985,1985,bowled,1681,44.24,36.1,43.5,39.793103448275865,,,,,KC Wessels
39,7,21,3,39,v England,1,The Oval,29 Aug 1985,1985,caught,1688,43.28,33.2,43.65,39.620689655172406,43.282051282051285,,,,KC Wessels
40,70,186,1,40,v New Zealand,1,Brisbane,8 Nov 1985,1985,lbw,1758,43.95,33.8,46.5,40.82758620689656,40.92307692307692,,,,KC Wessels
41,3,10,1,41,v New Zealand,1,Brisbane,8 Nov 1985,1985,caught,1761,42.95,33.0,46.65,34.75862068965517,39.82051282051282,,,,KC Wessels
42,59,102,3,42,v West Indies,1,Bridgetown,18 Apr 1992,1992,caught,1820,43.33,36.1,49.6,36.72413793103448,40.20512820512821,,,,KC Wessels
43,74,174,3,43,v West Indies,1,Bridgetown,18 Apr 1992,1992,caught,1894,44.05,40.2,50.25,38.89655172413793,42.07692307692308,,,,KC Wessels
44,118,266,3,44,v India,1,Durban,13 Nov 1992,1992,caught,2012,45.73,48.6,51.25,42.862068965517246,43.89743589743589,,,,KC Wessels
45,32,100,3,45,v India,1,Durban,13 Nov 1992,1992,caught,2044,45.42,46.8,49.35,42.03333333333333,44.358974358974365,,,,KC Wessels
46,5,36,3,46,v India,1,Johannesburg,26 Nov 1992,1992,caught,2049,44.54,39.0,45.1,42.06666666666667,44.0,,,,KC Wessels
47,11,35,4,47,v India,1,Johannesburg,26 Nov 1992,1992,run out,2060,43.83,39.1,45.65,41.766666666666666,42.92307692307692,,,,KC Wessels
48,0,4,2,48,v India,1,Port Elizabeth,26 Dec 1992,1992,bowled,2060,42.92,37.9,37.0,41.63333333333333,39.307692307692314,,,,KC Wessels
49,95,169,1,48,v India,0,Port Elizabeth,26 Dec 1992,1992,not out,2155,44.9,51.88888888888889,42.05263157894737,46.206896551724135,42.526315789473685,44.89583333333334,,,KC Wessels
50,0,3,2,49,v India,1,Cape Town,2 Jan 1993,1993,bowled,2155,43.98,44.111111111111114,38.68421052631579,45.75862068965517,41.60526315789474,41.520833333333336,,,KC Wessels
51,34,122,1,50,v India,1,Cape Town,2 Jan 1993,1993,caught,2189,43.78,47.555555555555564,39.89473684210526,46.93103448275862,37.78947368421053,41.270833333333336,,,KC Wessels
52,47,144,1,51,v Sri Lanka,1,Moratuwa,25 Aug 1993,1993,caught,2236,43.84,46.22222222222222,40.89473684210526,48.55172413793103,38.973684210526315,41.333333333333336,,,KC Wessels
53,16,59,2,52,v Sri Lanka,1,Moratuwa,25 Aug 1993,1993,caught,2252,43.31,39.77777777777778,40.0,47.0,39.10526315789474,41.645833333333336,,,KC Wessels
54,92,220,1,53,v Sri Lanka,1,Colombo (SSC),6 Sep 1993,1993,caught,2344,44.23,36.888888888888886,43.05263157894736,46.793103448275865,41.44736842105263,42.583333333333336,,,KC Wessels
55,26,73,2,54,v Sri Lanka,1,Colombo (PSS),14 Sep 1993,1993,bowled,2370,43.89,36.22222222222222,41.78947368421053,45.27586206896552,40.692307692307686,42.833333333333336,,,KC Wessels
56,7,23,1,55,v Sri Lanka,1,Colombo (PSS),14 Sep 1993,1993,caught,2377,43.22,36.444444444444436,37.78947368421053,42.413793103448285,40.769230769230774,42.583333333333336,,,KC Wessels
57,63,172,6,55,v Australia,0,Melbourne,26 Dec 1993,1993,not out,2440,44.36,47.5,42.833333333333336,46.17857142857143,42.97368421052632,43.70212765957447,,,KC Wessels
58,3,15,6,56,v Australia,1,Sydney,2 Jan 1994,1994,caught,2443,43.62,47.875,42.333333333333336,40.107142857142854,42.94736842105263,40.76595744680851,,,KC Wessels
59,18,51,4,57,v Australia,1,Sydney,2 Jan 1994,1994,bowled,2461,43.18,34.0,42.944444444444436,39.464285714285715,43.31578947368421,40.893617021276604,,,KC Wessels
60,18,53,4,58,v Australia,1,Johannesburg,4 Mar 1994,1994,caught,2479,42.74,36.0,40.055555555555564,37.82142857142857,43.44736842105264,40.53191489361703,,,KC Wessels
61,50,105,4,59,v Australia,1,Johannesburg,4 Mar 1994,1994,caught,2529,42.86,37.77777777777778,42.66666666666666,39.214285714285715,44.76315789473684,37.78723404255321,,,KC Wessels
62,11,34,4,60,v Australia,1,Cape Town,17 Mar 1994,1994,caught,2540,42.33,33.77777777777778,40.0,38.607142857142854,45.05263157894736,37.97872340425532,,,KC Wessels
63,9,18,4,61,v Australia,1,Cape Town,17 Mar 1994,1994,run out,2549,41.79,33.0,36.388888888888886,37.75,43.68421052631579,37.93617021276596,,,KC Wessels
64,1,4,4,62,v Australia,1,Durban,25 Mar 1994,1994,lbw,2550,41.13,22.88888888888889,29.88888888888889,36.57142857142857,41.131578947368425,37.893617021276604,,,KC Wessels
65,105,217,4,63,v England,1,Lord's,21 Jul 1994,1994,caught,2655,42.14,31.66666666666667,33.94444444444444,38.535714285714285,42.05263157894737,39.0,,,KC Wessels
66,28,108,4,64,v England,1,Lord's,21 Jul 1994,1994,caught,2683,41.92,34.0,35.22222222222222,36.57142857142857,40.42105263157895,39.5,,,KC Wessels
67,25,66,5,65,v England,1,Leeds,4 Aug 1994,1994,caught,2708,41.66,26.8,36.0,37.107142857142854,41.078947368421055,39.60416666666666,,,KC Wessels
68,7,20,4,66,v England,1,Leeds,4 Aug 1994,1994,bowled,2715,41.14,27.2,36.388888888888886,36.92857142857143,36.71052631578947,39.66666666666666,,,KC Wessels
69,45,84,4,67,v England,1,The Oval,18 Aug 1994,1994,lbw,2760,41.19,29.9,31.842105263157894,38.285714285714285,36.94736842105263,40.520833333333336,41.194029850746276,,KC Wessels
70,28,61,4,68,v England,1,The Oval,18 Aug 1994,1994,caught,2788,41.0,30.9,33.31578947368421,36.785714285714285,36.0,40.833333333333336,39.194029850746276,,KC Wessels
