,Runs,BF,Pos,Dismissal,Opposition,Dismissed,Ground,Start Date,Date,DisType,Tally,Ave,rolling10,rolling20,rolling30,rolling40,rolling50,rolling70,rolling100,Name
0,1,7,8,1,v Pakistan,1,Lord's,13 Jul 2010,2010,lbw,1,1.0,,,,,,,,SPD Smith
1,12,17,9,2,v Pakistan,1,Lord's,13 Jul 2010,2010,lbw,13,6.5,,,,,,,,SPD Smith
2,10,8,8,3,v Pakistan,1,Leeds,21 Jul 2010,2010,bowled,23,7.67,,,,,,,,SPD Smith
3,77,100,8,4,v Pakistan,1,Leeds,21 Jul 2010,2010,bowled,100,25.0,,,,,,,,SPD Smith
4,7,37,6,5,v England,1,Perth,16 Dec 2010,2010,caught,107,21.4,,,,,,,,SPD Smith
5,36,62,6,6,v England,1,Perth,16 Dec 2010,2010,caught,143,23.83,,,,,,,,SPD Smith
6,6,15,6,7,v England,1,Melbourne,26 Dec 2010,2010,caught,149,21.29,,,,,,,,SPD Smith
7,38,67,6,8,v England,1,Melbourne,26 Dec 2010,2010,bowled,187,23.38,,,,,,,,SPD Smith
8,18,53,7,9,v England,1,Sydney,3 Jan 2011,2011,caught,205,22.78,,,,,,,,SPD Smith
9,54,90,7,9,v England,0,Sydney,3 Jan 2011,2011,not out,259,28.78,28.777777777777782,,,,,,,SPD Smith
10,92,185,5,10,v India,1,Mohali,14 Mar 2013,2013,stumped,351,35.1,38.888888888888886,,,,,,,SPD Smith
11,5,19,4,11,v India,1,Mohali,14 Mar 2013,2013,bowled,356,32.36,38.111111111111114,,,,,,,SPD Smith
12,46,145,5,12,v India,1,Delhi,22 Mar 2013,2013,caught,402,33.5,42.111111111111114,,,,,,,SPD Smith
13,18,53,6,13,v India,1,Delhi,22 Mar 2013,2013,bowled,420,32.31,35.555555555555564,,,,,,,SPD Smith
14,53,79,5,14,v England,1,Nottingham,10 Jul 2013,2013,caught,473,33.79,40.66666666666666,,,,,,,SPD Smith
15,17,48,5,15,v England,1,Nottingham,10 Jul 2013,2013,lbw,490,32.67,38.555555555555564,,,,,,,SPD Smith
16,2,14,6,16,v England,1,Lord's,18 Jul 2013,2013,caught,492,30.75,38.111111111111114,,,,,,,SPD Smith
17,1,14,6,17,v England,1,Lord's,18 Jul 2013,2013,caught,493,29.0,34.0,,,,,,,SPD Smith
18,89,196,5,18,v England,1,Manchester,1 Aug 2013,2013,caught,582,32.33,41.888888888888886,,,,,,,SPD Smith
19,19,19,6,19,v England,1,Manchester,1 Aug 2013,2013,run out,601,31.63,34.2,31.63157894736842,,,,,,SPD Smith
20,17,34,5,20,v England,1,Chester-le-Street,9 Aug 2013,2013,caught,618,30.9,26.7,32.473684210526315,,,,,,SPD Smith
21,2,19,5,21,v England,1,Chester-le-Street,9 Aug 2013,2013,bowled,620,29.52,26.4,31.947368421052627,,,,,,SPD Smith
22,138,241,5,21,v England,0,The Oval,21 Aug 2013,2013,not out,758,36.1,39.555555555555564,40.833333333333336,,,,,,SPD Smith
23,7,12,6,22,v England,1,The Oval,21 Aug 2013,2013,caught,765,34.77,38.333333333333336,36.944444444444436,,,,,,SPD Smith
24,31,59,5,23,v England,1,Brisbane,21 Nov 2013,2013,caught,796,34.61,35.888888888888886,38.27777777777778,,,,,,SPD Smith
25,0,7,5,24,v England,1,Brisbane,21 Nov 2013,2013,caught,796,33.17,34.0,36.27777777777778,,,,,,SPD Smith
26,6,17,5,25,v England,1,Adelaide,5 Dec 2013,2013,bowled,802,32.08,34.44444444444444,36.27777777777778,,,,,,SPD Smith
27,23,54,5,25,v England,0,Adelaide,5 Dec 2013,2013,not out,825,33.0,41.5,37.52941176470589,,,,,,SPD Smith
28,111,208,5,26,v England,1,Perth,13 Dec 2013,2013,caught,936,36.0,44.25,43.0,,,,,,SPD Smith
29,15,50,5,27,v England,1,Perth,13 Dec 2013,2013,caught,951,35.22,43.75,38.444444444444436,35.22222222222222,,,,,SPD Smith
30,19,77,5,28,v England,1,Melbourne,26 Dec 2013,2013,caught,970,34.64,44.0,34.388888888888886,35.888888888888886,,,,,SPD Smith
31,115,154,5,29,v England,1,Sydney,3 Jan 2014,2014,caught,1085,37.41,58.125,40.5,39.7037037037037,,,,,SPD Smith
32,7,12,5,30,v England,1,Sydney,3 Jan 2014,2014,caught,1092,36.4,37.111111111111114,38.333333333333336,39.5925925925926,,,,,SPD Smith
33,100,213,6,31,v South Africa,1,Centurion,12 Feb 2014,2014,caught,1192,38.45,47.444444444444436,42.888888888888886,40.444444444444436,,,,,SPD Smith
34,49,72,7,32,v South Africa,1,Port Elizabeth,20 Feb 2014,2014,caught,1241,38.78,49.444444444444436,42.66666666666666,42.0,,,,,SPD Smith
35,0,1,6,33,v South Africa,1,Port Elizabeth,20 Feb 2014,2014,lbw,1241,37.61,49.444444444444436,41.72222222222222,40.66666666666666,,,,,SPD Smith
36,84,155,5,34,v South Africa,1,Cape Town,1 Mar 2014,2014,bowled,1325,38.97,58.111111111111114,46.27777777777778,43.555555555555564,,,,,SPD Smith
37,36,20,6,34,v South Africa,0,Cape Town,1 Mar 2014,2014,not out,1361,40.03,59.555555555555564,51.058823529411775,45.153846153846146,,,,,SPD Smith
38,22,44,5,35,v Pakistan,1,Dubai (DSC),22 Oct 2014,2014,caught,1383,39.51,49.66666666666666,47.11764705882353,45.30769230769231,,,,,SPD Smith
39,55,175,6,36,v Pakistan,1,Dubai (DSC),22 Oct 2014,2014,caught,1438,39.94,54.111111111111114,49.235294117647065,43.66666666666666,39.944444444444436,,,,SPD Smith
40,0,6,6,37,v Pakistan,1,Abu Dhabi,30 Oct 2014,2014,lbw,1438,38.86,52.0,48.235294117647065,40.25925925925926,39.91666666666666,,,,SPD Smith
41,97,204,5,38,v Pakistan,1,Abu Dhabi,30 Oct 2014,2014,lbw,1535,40.39,50.0,53.82352941176471,43.66666666666666,42.27777777777778,,,,SPD Smith
42,162,231,5,38,v India,0,Adelaide,9 Dec 2014,2014,not out,1697,44.66,75.625,55.235294117647065,49.80769230769231,47.828571428571436,,,,SPD Smith
43,52,64,5,38,v India,0,Adelaide,9 Dec 2014,2014,not out,1749,46.03,79.57142857142857,61.5,53.16,48.5,,,,SPD Smith
44,133,191,4,39,v India,1,Brisbane,17 Dec 2014,2014,bowled,1882,48.26,91.57142857142857,67.875,56.36,52.20588235294117,,,,SPD Smith
45,28,39,4,40,v India,1,Brisbane,17 Dec 2014,2014,run out,1910,47.75,95.57142857142857,69.625,56.8,51.970588235294116,,,,SPD Smith
46,192,305,4,41,v India,1,Melbourne,26 Dec 2014,2014,bowled,2102,51.27,111.0,81.25,64.4,57.441176470588225,,,,SPD Smith
47,14,27,4,42,v India,1,Melbourne,26 Dec 2014,2014,caught,2116,50.38,94.375,75.94117647058823,64.92,56.735294117647065,,,,SPD Smith
48,117,208,4,43,v India,1,Sydney,6 Jan 2015,2015,caught,2233,51.93,106.25,76.29411764705883,66.04,59.647058823529406,,,,SPD Smith
49,71,70,4,44,v India,1,Sydney,6 Jan 2015,2015,lbw,2304,52.36,108.25,79.58823529411767,68.12,58.42857142857143,52.36363636363637,,,SPD Smith
50,25,90,3,45,v West Indies,1,Roseau,3 Jun 2015,2015,stumped,2329,51.76,111.375,79.94117647058823,68.44,56.514285714285705,52.90909090909091,,,SPD Smith
51,5,4,3,45,v West Indies,0,Roseau,3 Jun 2015,2015,not out,2334,51.87,114.14285714285714,78.0625,71.41666666666667,58.17647058823529,53.9767441860465,,,SPD Smith
52,199,361,3,46,v West Indies,1,Kingston,11 Jun 2015,2015,lbw,2533,55.07,104.5,90.0625,71.0,62.67647058823529,58.37209302325582,,,SPD Smith
53,54,83,3,46,v West Indies,0,Kingston,11 Jun 2015,2015,not out,2587,56.24,104.75,93.0,75.91666666666667,65.66666666666667,59.214285714285715,,,SPD Smith
54,33,56,3,47,v England,1,Cardiff,8 Jul 2015,2015,caught,2620,55.74,92.25,91.93333333333334,76.0,65.06060606060606,59.83333333333334,,,SPD Smith
55,33,49,3,48,v England,1,Cardiff,8 Jul 2015,2015,caught,2653,55.27,92.875,94.13333333333334,77.375,65.54545454545455,59.76190476190475,,,SPD Smith
56,215,346,3,49,v England,1,Lord's,16 Jul 2015,2015,lbw,2868,58.53,95.75,102.86666666666666,86.08333333333331,72.0,64.73809523809524,,,SPD Smith
57,58,48,3,50,v England,1,Lord's,16 Jul 2015,2015,bowled,2926,58.52,101.25,97.8125,84.04,73.72727272727273,65.21428571428571,,,SPD Smith
58,7,18,3,51,v England,1,Birmingham,29 Jul 2015,2015,caught,2933,57.51,87.5,96.875,79.88,71.24242424242425,64.95238095238095,,,SPD Smith
59,8,27,3,52,v England,1,Birmingham,29 Jul 2015,2015,caught,2941,56.56,79.625,93.9375,79.6,70.9090909090909,62.37209302325582,,,SPD Smith
60,6,3,3,53,v England,1,Nottingham,6 Aug 2015,2015,caught,2947,55.6,77.25,94.3125,79.08,70.57575757575758,60.37209302325582,,,SPD Smith
61,5,9,3,54,v England,1,Nottingham,6 Aug 2015,2015,caught,2952,54.67,68.66666666666667,88.5625,74.68,70.66666666666667,60.37209302325582,,,SPD Smith
62,143,252,3,55,v England,1,The Oval,20 Aug 2015,2015,bowled,3095,56.27,62.444444444444436,82.23529411764707,80.12,68.73529411764707,62.62790697674418,,,SPD Smith
63,48,78,4,56,v New Zealand,1,Brisbane,5 Nov 2015,2015,bowled,3143,56.12,55.6,77.44444444444444,78.04,69.94117647058823,63.32558139534883,,,SPD Smith
64,1,2,4,57,v New Zealand,1,Brisbane,5 Nov 2015,2015,caught,3144,55.16,52.4,70.1111111111111,76.12,69.05882352941177,62.11627906976744,,,SPD Smith
65,27,68,4,58,v New Zealand,1,Perth,13 Nov 2015,2015,caught,3171,54.67,51.8,70.05555555555556,77.2,69.85294117647061,62.34883720930232,,,SPD Smith
66,138,185,3,59,v New Zealand,1,Perth,13 Nov 2015,2015,caught,3309,56.08,44.1,67.05555555555556,79.36,73.73529411764707,65.51162790697674,,,SPD Smith
67,53,114,3,60,v New Zealand,1,Adelaide,27 Nov 2015,2015,caught,3362,56.03,43.6,69.22222222222223,76.96153846153847,72.48571428571428,66.72093023255815,,,SPD Smith
68,14,24,3,61,v New Zealand,1,Adelaide,27 Nov 2015,2015,lbw,3376,55.34,44.3,63.5,76.65384615384616,69.71428571428571,64.97674418604653,,,SPD Smith
69,10,32,3,62,v West Indies,1,Hobart,10 Dec 2015,2015,caught,3386,54.61,44.5,60.111111111111114,74.92307692307692,69.57142857142857,64.76744186046511,54.612903225806456,,SPD Smith
70,134,177,4,62,v West Indies,0,Melbourne,26 Dec 2015,2015,not out,3520,56.77,63.66666666666666,70.05882352941177,83.28,75.0,69.0952380952381,57.68852459016394,,SPD Smith
71,70,70,4,62,v West Indies,0,Melbourne,26 Dec 2015,2015,not out,3590,57.9,79.75,73.88235294117645,85.625,75.9090909090909,72.4390243902439,59.61666666666667,,SPD Smith
72,71,112,4,63,v New Zealand,1,Wellington,12 Feb 2016,2016,caught,3661,58.11,70.75,66.35294117647061,78.56,77.84848484848484,69.1190476190476,60.63333333333333,,SPD Smith
73,138,241,4,64,v New Zealand,1,Christchurch,20 Feb 2016,2016,caught,3799,59.36,82.0,67.33333333333333,78.84615384615384,79.0,72.23809523809524,61.65,,SPD Smith
74,53,46,4,64,v New Zealand,0,Christchurch,20 Feb 2016,2016,not out,3852,60.19,101.14285714285714,72.47058823529412,78.8,81.59375,74.53658536585365,63.474576271186436,,SPD Smith
75,30,53,4,65,v Sri Lanka,1,Pallekele,26 Jul 2016,2016,stumped,3882,59.72,101.57142857142857,72.29411764705883,78.88,82.53125,75.26829268292683,63.37288135593221,,SPD Smith
76,55,125,4,66,v Sri Lanka,1,Pallekele,26 Jul 2016,2016,lbw,3937,59.65,89.7142857142857,62.88235294117647,73.4,81.625,76.46341463414635,64.20338983050847,,SPD Smith
77,5,10,4,67,v Sri Lanka,1,Galle,4 Aug 2016,2016,bowled,3942,58.84,82.85714285714286,59.764705882352935,73.04,78.21212121212122,74.21428571428571,63.64406779661017,,SPD Smith
78,30,58,5,68,v Sri Lanka,1,Galle,4 Aug 2016,2016,caught,3972,58.41,85.14285714285714,61.11764705882353,69.56,78.45454545454545,72.28571428571429,63.847457627118644,,SPD Smith
79,119,218,3,69,v Sri Lanka,1,Colombo (SSC),13 Aug 2016,2016,stumped,4091,59.29,100.71428571428572,67.64705882352939,71.48,80.39393939393939,74.76190476190476,63.86666666666667,,SPD Smith
80,8,14,3,70,v Sri Lanka,1,Colombo (SSC),13 Aug 2016,2016,bowled,4099,58.56,72.375,67.76470588235293,70.8,80.63636363636364,74.5,62.46666666666667,,SPD Smith
81,0,4,4,71,v South Africa,1,Perth,3 Nov 2016,2016,lbw,4099,57.73,56.555555555555564,67.47058823529412,67.88461538461539,77.6969696969697,71.76190476190476,62.38333333333333,,SPD Smith
82,34,91,4,72,v South Africa,1,Perth,3 Nov 2016,2016,caught,4133,57.4,52.444444444444436,61.058823529411775,61.53846153846154,71.6470588235294,72.40476190476191,62.18333333333333,,SPD Smith
83,48,80,4,72,v South Africa,0,Hobart,12 Nov 2016,2016,not out,4181,58.07,47.75,64.875,61.30769230769231,71.52941176470588,72.90243902439025,63.7457627118644,,SPD Smith
84,31,82,4,73,v South Africa,1,Hobart,12 Nov 2016,2016,caught,4212,57.7,40.0,66.75,61.230769230769226,68.52941176470588,72.46341463414635,63.37288135593221,,SPD Smith
85,59,113,4,74,v South Africa,1,Adelaide,24 Nov 2016,2016,run out,4271,57.72,43.22222222222222,68.75,62.230769230769226,69.44117647058823,73.90243902439025,64.08474576271186,,SPD Smith
86,40,52,4,75,v South Africa,1,Adelaide,24 Nov 2016,2016,caught,4311,57.48,41.555555555555564,62.625,55.5,64.97058823529412,72.82926829268294,64.72881355932203,,SPD Smith
87,130,222,4,76,v Pakistan,1,Brisbane,15 Dec 2016,2016,caught,4441,58.43,55.444444444444436,67.4375,58.269230769230774,68.38235294117646,73.33333333333333,66.91525423728814,,SPD Smith
88,63,70,4,77,v Pakistan,1,Brisbane,15 Dec 2016,2016,caught,4504,58.49,59.111111111111114,70.5,60.42307692307693,66.79411764705883,74.30952380952381,66.47457627118644,,SPD Smith
89,165,246,4,77,v Pakistan,0,Melbourne,26 Dec 2016,2016,not out,4669,60.64,72.25,85.53333333333333,69.12,71.66666666666667,78.8048780487805,70.13793103448276,,SPD Smith
90,24,40,4,78,v Pakistan,1,Sydney,3 Jan 2017,2017,caught,4693,60.17,74.25,73.3125,69.84,71.63636363636364,79.39024390243901,70.25862068965517,,SPD Smith
91,59,43,3,79,v Pakistan,1,Sydney,3 Jan 2017,2017,caught,4752,60.15,81.625,68.35294117647061,72.0,71.11764705882355,78.46341463414635,71.24137931034483,,SPD Smith
92,27,95,3,80,v India,1,Pune,23 Feb 2017,2017,caught,4779,59.74,80.75,65.76470588235293,67.36,66.05882352941177,73.38095238095238,68.15254237288136,,SPD Smith
93,109,202,3,81,v India,1,Pune,23 Feb 2017,2017,lbw,4888,60.35,78.55555555555556,64.05882352941177,69.8,65.74285714285715,73.0,69.88135593220339,,SPD Smith
94,8,52,3,82,v India,1,Bengaluru,4 Mar 2017,2017,caught,4896,59.71,76.0,58.0,70.08,65.02857142857142,70.09302325581395,69.49152542372882,,SPD Smith
95,28,48,3,83,v India,1,Bengaluru,4 Mar 2017,2017,lbw,4924,59.33,72.55555555555556,57.88888888888889,70.12,64.88571428571429,70.09302325581395,69.96610169491525,,SPD Smith
96,178,361,3,83,v India,0,Ranchi,16 Mar 2017,2017,not out,5102,61.47,98.875,68.52941176470588,74.70833333333333,65.70588235294117,71.42857142857143,74.13793103448276,,SPD Smith
97,21,68,4,84,v India,1,Ranchi,16 Mar 2017,2017,bowled,5123,60.99,85.25,69.47058823529412,73.375,64.61764705882354,71.59523809523809,72.84745762711864,,SPD Smith
98,111,173,3,85,v India,1,Dharamsala,25 Mar 2017,2017,caught,5234,61.58,91.25,74.23529411764707,77.41666666666667,67.67647058823529,71.45238095238095,72.84745762711864,,SPD Smith
99,17,15,3,86,v India,1,Dharamsala,25 Mar 2017,2017,bowled,5251,61.06,64.66666666666667,68.23529411764707,77.70833333333333,67.94117647058823,70.16666666666667,72.88135593220339,61.05813953488372,SPD Smith
100,8,16,5,87,v Bangladesh,1,Dhaka,27 Aug 2017,2017,bowled,5259,60.45,62.88888888888889,68.23529411764707,69.56,68.0,69.76190476190476,72.6949152542373,61.139534883720934,SPD Smith
101,37,99,4,88,v Bangladesh,1,Dhaka,27 Aug 2017,2017,caught,5296,60.18,60.444444444444436,70.41176470588233,65.61538461538461,68.94117647058823,68.88372093023256,71.37288135593221,61.430232558139544,SPD Smith
102,58,94,3,89,v Bangladesh,1,Chattogram,4 Sep 2017,2017,bowled,5354,60.16,63.88888888888889,71.82352941176471,65.11538461538461,66.44117647058823,65.6046511627907,72.23728813559322,61.988372093023266,SPD Smith
103,16,9,3,90,v Bangladesh,1,Chattogram,4 Sep 2017,2017,caught,5370,59.67,53.555555555555564,66.05555555555556,60.42307692307693,65.5,63.25,70.81355932203391,61.27906976744186,SPD Smith
104,141,326,4,90,v England,0,Brisbane,23 Nov 2017,2017,not out,5511,61.23,76.875,76.41176470588233,63.80769230769231,71.72727272727273,67.23255813953489,73.6206896551724,63.576470588235296,SPD Smith
105,40,90,4,91,v England,1,Adelaide,2 Dec 2017,2017,bowled,5551,61.0,78.375,75.29411764705883,64.19230769230771,72.12121212121212,67.3953488372093,74.3103448275862,63.62352941176471,SPD Smith
106,6,12,4,92,v England,1,Adelaide,2 Dec 2017,2017,lbw,5557,60.4,50.555555555555564,73.29411764705883,62.30769230769231,68.12121212121212,62.534883720930225,72.9655172413793,63.62352941176471,SPD Smith
107,239,399,4,93,v England,1,Perth,14 Dec 2017,2017,lbw,5796,62.32,74.77777777777777,79.70588235294117,71.30769230769229,73.75757575757575,66.74418604651163,75.16949152542372,65.98823529411764,SPD Smith
108,76,156,4,94,v England,1,Melbourne,26 Dec 2017,2017,bowled,5872,62.47,70.8888888888889,80.47058823529412,73.07692307692308,75.63636363636364,68.34883720930233,76.08474576271186,66.67058823529412,SPD Smith
109,102,275,4,94,v England,0,Melbourne,26 Dec 2017,2017,not out,5974,63.55,90.375,76.76470588235293,75.32,80.875,72.21428571428571,78.20689655172414,67.23529411764707,SPD Smith
110,83,158,4,95,v England,1,Sydney,4 Jan 2018,2018,caught,6057,63.76,99.75,80.23529411764707,78.32,76.87878787878788,74.04761904761905,79.63793103448276,67.12941176470589,SPD Smith
111,56,114,4,96,v South Africa,1,Durban,1 Mar 2018,2018,caught,6113,63.68,102.125,80.05882352941177,80.56,74.20588235294117,75.26190476190476,78.93103448275863,67.72941176470589,SPD Smith
112,38,81,4,97,v South Africa,1,Durban,1 Mar 2018,2018,lbw,6151,63.41,99.625,80.70588235294117,80.72,73.23529411764707,72.76190476190476,75.4915254237288,67.63529411764706,SPD Smith
113,25,58,4,98,v South Africa,1,Port Elizabeth,9 Mar 2018,2018,lbw,6176,63.02,100.75,75.76470588235293,76.73076923076924,69.91176470588235,72.21428571428571,73.78333333333333,67.71764705882353,SPD Smith
114,11,18,4,99,v South Africa,1,Port Elizabeth,9 Mar 2018,2018,caught,6187,62.49,75.1111111111111,75.94117647058823,75.96153846153847,66.71428571428571,72.45238095238095,71.75,67.2235294117647,SPD Smith
115,5,18,4,100,v South Africa,1,Cape Town,22 Mar 2018,2018,caught,6192,61.92,71.22222222222223,74.58823529411767,73.88461538461539,66.0,71.92857142857143,71.36666666666666,67.08235294117647,SPD Smith
116,7,21,4,101,v South Africa,1,Cape Town,22 Mar 2018,2018,caught,6199,61.38,71.33333333333333,60.944444444444436,72.61538461538461,64.62857142857143,68.80952380952381,68.28333333333333,67.14117647058822,SPD Smith
117,144,219,4,102,v England,1,Birmingham,1 Aug 2019,2019,bowled,6343,62.19,60.77777777777778,67.77777777777777,73.15384615384616,68.6,70.97619047619048,70.45,68.82352941176471,SPD Smith
118,142,207,4,103,v England,1,Birmingham,1 Aug 2019,2019,caught,6485,62.96,68.1111111111111,69.5,76.19230769230771,71.8,74.02380952380952,70.86666666666666,69.44705882352943,SPD Smith
119,92,161,4,104,v England,1,Lord's,14 Aug 2019,2019,lbw,6577,63.24,60.3,73.66666666666667,70.66666666666667,71.02857142857142,75.97619047619048,71.21666666666667,70.30588235294118,SPD Smith
120,211,319,4,105,v England,1,Manchester,4 Sep 2019,2019,caught,6788,64.65,73.1,84.94444444444444,77.5925925925926,76.82857142857142,76.0,74.31666666666666,72.58823529411767,SPD Smith
121,82,92,4,106,v England,1,Manchester,4 Sep 2019,2019,caught,6870,64.81,75.7,87.44444444444444,78.44444444444444,79.17142857142858,74.54545454545455,74.36065573770493,73.52941176470588,SPD Smith
122,80,145,4,107,v England,1,The Oval,12 Sep 2019,2019,lbw,6950,64.95,79.9,88.66666666666669,80.4074074074074,80.48571428571428,74.75,72.40983606557377,72.0,SPD Smith
123,23,53,4,108,v England,1,The Oval,12 Sep 2019,2019,caught,6973,64.56,79.7,89.05555555555556,77.22222222222223,77.55555555555556,72.13636363636364,70.74193548387096,72.18604651162791,SPD Smith
