,Runs,BF,Pos,Dismissal,Opposition,Dismissed,Ground,Start Date,Date,DisType,Tally,Ave,rolling10,rolling20,rolling30,rolling40,rolling50,rolling70,rolling100,Name
0,4,0,9,0,v England,0,Melbourne,1 Jan 1902,1902,not out,4,4.0,,,,,,,,WW Armstrong
1,45,0,11,0,v England,0,Melbourne,1 Jan 1902,1902,not out,49,49.0,,,,,,,,WW Armstrong
2,9,0,6,1,v England,1,Adelaide,17 Jan 1902,1902,caught,58,58.0,,,,,,,,WW Armstrong
3,9,0,8,1,v England,0,Adelaide,17 Jan 1902,1902,not out,67,67.0,,,,,,,,WW Armstrong
4,55,0,7,2,v England,1,Sydney,14 Feb 1902,1902,bowled,122,61.0,,,,,,,,WW Armstrong
5,17,0,7,2,v England,0,Melbourne,28 Feb 1902,1902,not out,139,69.5,,,,,,,,WW Armstrong
6,20,0,6,3,v England,1,Melbourne,28 Feb 1902,1902,lbw,159,53.0,,,,,,,,WW Armstrong
7,0,1,7,4,v England,1,Birmingham,29 May 1902,1902,caught,159,39.75,,,,,,,,WW Armstrong
8,25,0,8,5,v England,1,Sheffield,3 Jul 1902,1902,caught,184,36.8,,,,,,,,WW Armstrong
9,26,0,8,6,v England,1,Sheffield,3 Jul 1902,1902,bowled,210,35.0,35.0,,,,,,,WW Armstrong
10,5,0,8,7,v England,1,Manchester,24 Jul 1902,1902,bowled,215,30.71,30.142857142857146,,,,,,,WW Armstrong
11,3,0,8,8,v England,1,Manchester,24 Jul 1902,1902,bowled,218,27.25,21.125,,,,,,,WW Armstrong
12,17,0,7,9,v England,1,The Oval,11 Aug 1902,1902,bowled,235,26.11,22.125,,,,,,,WW Armstrong
13,21,0,7,10,v England,1,The Oval,11 Aug 1902,1902,bowled,256,25.6,21.0,,,,,,,WW Armstrong
14,11,0,2,11,v South Africa,1,Johannesburg,11 Oct 1902,1902,bowled,267,24.27,16.11111111111111,,,,,,,WW Armstrong
15,59,0,4,12,v South Africa,1,Johannesburg,11 Oct 1902,1902,caught,326,27.17,18.7,,,,,,,WW Armstrong
16,49,0,4,13,v South Africa,1,Johannesburg,18 Oct 1902,1902,run out,375,28.85,21.6,,,,,,,WW Armstrong
17,159,0,1,13,v South Africa,0,Johannesburg,18 Oct 1902,1902,not out,534,41.08,41.66666666666666,,,,,,,WW Armstrong
18,3,0,4,14,v South Africa,1,Cape Town,8 Nov 1902,1902,bowled,537,38.36,39.22222222222222,,,,,,,WW Armstrong
19,48,0,5,15,v England,1,Sydney,11 Dec 1903,1903,bowled,585,39.0,41.66666666666666,39.0,,,,,,WW Armstrong
20,27,0,7,16,v England,1,Sydney,11 Dec 1903,1903,caught,612,38.25,44.111111111111114,38.0,,,,,,WW Armstrong
21,1,0,8,17,v England,1,Melbourne,1 Jan 1904,1904,caught,613,36.06,43.88888888888889,33.176470588235304,,,,,,WW Armstrong
22,0,0,8,18,v England,1,Melbourne,1 Jan 1904,1904,caught,613,34.06,42.0,32.64705882352941,,,,,,WW Armstrong
23,10,0,7,19,v England,1,Adelaide,15 Jan 1904,1904,lbw,623,32.79,40.77777777777778,30.88888888888889,,,,,,WW Armstrong
24,39,0,6,20,v England,1,Adelaide,15 Jan 1904,1904,caught,662,33.1,43.88888888888889,30.0,,,,,,WW Armstrong
25,27,0,5,21,v England,1,Nottingham,29 May 1905,1905,stumped,689,32.81,40.333333333333336,28.947368421052627,,,,,,WW Armstrong
26,6,0,4,22,v England,1,Nottingham,29 May 1905,1905,caught,695,31.59,35.555555555555564,28.210526315789476,,,,,,WW Armstrong
27,33,0,5,23,v England,1,Lord's,15 Jun 1905,1905,lbw,728,31.65,19.4,29.947368421052627,,,,,,WW Armstrong
28,66,0,5,24,v England,1,Leeds,3 Jul 1905,1905,caught,794,33.08,25.7,32.10526315789474,,,,,,WW Armstrong
29,32,0,5,25,v England,1,Leeds,3 Jul 1905,1905,lbw,826,33.04,24.1,32.421052631578945,33.04,,,,,WW Armstrong
30,29,0,4,26,v England,1,Manchester,24 Jul 1905,1905,bowled,855,32.88,24.3,33.68421052631579,32.730769230769226,,,,,WW Armstrong
31,9,0,5,27,v England,1,Manchester,24 Jul 1905,1905,bowled,864,32.0,25.1,34.0,30.18518518518519,,,,,WW Armstrong
32,18,0,5,28,v England,1,The Oval,14 Aug 1905,1905,caught,882,31.5,26.9,34.05263157894737,30.51851851851852,,,,,WW Armstrong
33,32,0,5,28,v England,0,The Oval,14 Aug 1905,1905,not out,914,32.64,32.333333333333336,36.555555555555564,31.37037037037037,,,,,WW Armstrong
34,7,0,5,29,v England,1,Sydney,13 Dec 1907,1907,caught,921,31.76,28.777777777777782,36.333333333333336,29.592592592592588,,,,,WW Armstrong
35,44,0,5,30,v England,1,Sydney,13 Dec 1907,1907,bowled,965,32.17,30.66666666666667,35.5,29.5,,,,,WW Armstrong
36,31,0,5,31,v England,1,Melbourne,1 Jan 1908,1908,caught,996,32.13,33.44444444444444,34.5,29.892857142857146,,,,,WW Armstrong
37,77,0,5,32,v England,1,Melbourne,1 Jan 1908,1908,bowled,1073,33.53,38.333333333333336,28.36842105263158,32.642857142857146,,,,,WW Armstrong
38,17,0,5,33,v England,1,Adelaide,10 Jan 1908,1908,caught,1090,33.03,32.888888888888886,29.105263157894736,32.357142857142854,,,,,WW Armstrong
39,34,0,5,34,v England,1,Adelaide,10 Jan 1908,1908,caught,1124,33.06,33.111111111111114,28.36842105263158,32.642857142857146,33.05882352941177,,,,WW Armstrong
40,32,72,6,35,v England,1,Melbourne,7 Feb 1908,1908,bowled,1156,33.03,33.44444444444444,28.63157894736842,33.607142857142854,32.91428571428571,,,,WW Armstrong
41,133,0,6,35,v England,0,Melbourne,7 Feb 1908,1908,not out,1289,36.83,53.125,37.555555555555564,39.66666666666666,35.42857142857143,,,,WW Armstrong
42,3,0,6,36,v England,1,Sydney,21 Feb 1908,1908,caught,1292,35.89,51.25,37.72222222222222,39.14814814814815,35.25714285714286,,,,WW Armstrong
43,32,0,7,37,v England,1,Sydney,21 Feb 1908,1908,caught,1324,35.78,45.555555555555564,38.944444444444436,39.555555555555564,34.916666666666664,,,,WW Armstrong
44,24,0,3,38,v England,1,Birmingham,27 May 1909,1909,bowled,1348,35.47,47.444444444444436,38.111111111111114,40.03703703703704,34.05555555555556,,,,WW Armstrong
45,0,0,7,39,v England,1,Birmingham,27 May 1909,1909,caught,1348,34.56,42.555555555555564,36.611111111111114,37.85185185185185,32.67567567567568,,,,WW Armstrong
46,12,0,4,40,v England,1,Lord's,14 Jun 1909,1909,caught,1360,34.0,40.444444444444436,36.944444444444436,36.481481481481474,32.45945945945946,,,,WW Armstrong
47,21,0,6,41,v England,1,Leeds,1 Jul 1909,1909,caught,1381,33.68,34.22222222222222,36.27777777777778,30.25,33.027027027027025,,,,WW Armstrong
48,45,0,4,42,v England,1,Leeds,1 Jul 1909,1909,bowled,1426,33.95,37.333333333333336,35.111111111111114,31.75,33.567567567567565,,,,WW Armstrong
49,32,0,6,42,v England,0,Manchester,26 Jul 1909,1909,not out,1458,34.71,41.75,37.1764705882353,32.333333333333336,34.666666666666664,34.714285714285715,,,WW Armstrong
50,30,0,5,43,v England,1,Manchester,26 Jul 1909,1909,lbw,1488,34.6,41.5,37.23529411764706,32.44444444444444,35.361111111111114,34.511627906976734,,,WW Armstrong
51,15,0,4,44,v England,1,The Oval,9 Aug 1909,1909,lbw,1503,34.16,23.777777777777782,37.588235294117645,32.96296296296296,35.694444444444436,33.04545454545455,,,WW Armstrong
52,10,0,4,45,v England,1,The Oval,9 Aug 1909,1909,caught,1513,33.62,24.555555555555557,37.117647058823536,33.333333333333336,35.5,33.06818181818182,,,WW Armstrong
53,48,70,5,46,v South Africa,1,Sydney,9 Dec 1910,1910,bowled,1561,33.93,26.33333333333333,35.944444444444436,34.74074074074074,36.25,33.2,,,WW Armstrong
54,75,123,7,47,v South Africa,1,Melbourne,31 Dec 1910,1910,caught,1636,34.81,32.0,39.72222222222222,36.074074074074076,38.02777777777778,33.64444444444445,,,WW Armstrong
55,29,47,8,48,v South Africa,1,Melbourne,31 Dec 1910,1910,bowled,1665,34.69,35.22222222222222,38.888888888888886,36.14814814814815,37.194444444444436,33.17391304347826,,,WW Armstrong
56,30,58,8,49,v South Africa,1,Adelaide,7 Jan 1911,1911,bowled,1695,34.59,37.22222222222222,38.833333333333336,37.03703703703704,36.66666666666666,33.39130434782609,,,WW Armstrong
57,48,90,7,50,v South Africa,1,Adelaide,7 Jan 1911,1911,bowled,1743,34.86,40.22222222222222,37.22222222222222,37.5925925925926,32.67567567567568,34.43478260869565,,,WW Armstrong
58,48,79,4,51,v South Africa,1,Melbourne,17 Feb 1911,1911,run out,1791,35.12,40.555555555555564,38.944444444444436,36.925925925925924,33.89189189189189,34.93478260869565,,,WW Armstrong
59,132,196,4,52,v South Africa,1,Melbourne,17 Feb 1911,1911,caught,1923,36.98,46.5,44.38888888888889,40.629629629629626,36.162162162162154,37.23913043478261,,,WW Armstrong
60,0,3,8,53,v South Africa,1,Sydney,3 Mar 1911,1911,caught,1923,36.28,43.5,42.611111111111114,39.555555555555564,35.432432432432435,37.130434782608695,,,WW Armstrong
61,60,127,4,54,v England,1,Sydney,15 Dec 1911,1911,stumped,1983,36.72,48.0,36.526315789473685,41.444444444444436,37.02702702702703,38.369565217391305,,,WW Armstrong
62,28,70,4,55,v England,1,Sydney,15 Dec 1911,1911,bowled,2011,36.56,49.8,37.8421052631579,41.814814814814824,37.78378378378378,38.60869565217392,,,WW Armstrong
63,4,16,4,56,v England,1,Melbourne,30 Dec 1911,1911,caught,2015,35.98,45.4,36.368421052631575,39.32142857142857,37.62162162162162,38.23913043478261,,,WW Armstrong
64,90,160,4,57,v England,1,Melbourne,30 Dec 1911,1911,bowled,2105,36.93,46.9,39.8421052631579,42.285714285714285,39.0,39.95652173913044,,,WW Armstrong
65,33,67,5,58,v England,1,Adelaide,12 Jan 1912,1912,bowled,2138,36.86,47.3,41.578947368421055,41.892857142857146,39.162162162162154,39.39130434782609,,,WW Armstrong
66,25,89,5,59,v England,1,Adelaide,12 Jan 1912,1912,bowled,2163,36.66,46.8,42.26315789473684,41.67857142857143,39.67567567567568,38.869565217391305,,,WW Armstrong
67,7,17,6,60,v England,1,Melbourne,9 Feb 1912,1912,bowled,2170,36.17,42.7,41.526315789473685,39.17857142857143,38.972972972972975,34.808510638297875,,,WW Armstrong
68,11,16,6,61,v England,1,Melbourne,9 Feb 1912,1912,bowled,2181,35.75,39.0,39.73684210526316,38.964285714285715,37.48648648648648,34.97872340425532,,,WW Armstrong
69,33,64,4,62,v England,1,Sydney,23 Feb 1912,1912,lbw,2214,35.71,29.1,37.8,38.92857142857143,37.51351351351352,34.65957446808511,35.70967741935485,,WW Armstrong
70,33,109,4,63,v England,1,Sydney,23 Feb 1912,1912,bowled,2247,35.67,32.4,37.95,38.964285714285715,37.62162162162162,34.787234042553195,35.6031746031746,,WW Armstrong
71,12,43,5,64,v England,1,Sydney,17 Dec 1920,1920,stumped,2259,35.3,27.6,37.8,33.44827586206897,37.7027027027027,35.02127659574468,34.53125,,WW Armstrong
72,158,209,7,65,v England,1,Sydney,17 Dec 1920,1920,bowled,2417,37.18,40.6,45.2,38.793103448275865,41.48648648648648,38.38297872340426,36.859375,,WW Armstrong
73,39,64,5,66,v England,1,Melbourne,31 Dec 1920,1920,lbw,2456,37.21,44.1,44.75,39.03448275862068,40.578947368421055,39.0,36.753846153846155,,WW Armstrong
74,11,25,5,67,v England,1,Adelaide,14 Jan 1921,1921,caught,2467,36.82,36.2,41.55,38.586206896551715,40.68421052631579,38.40425531914894,36.07692307692308,,WW Armstrong
75,121,227,5,68,v England,1,Adelaide,14 Jan 1921,1921,bowled,2588,38.06,45.0,46.15,42.75862068965517,42.71052631578947,40.40425531914894,37.10606060606061,,WW Armstrong
76,123,210,7,68,v England,0,Melbourne,11 Feb 1921,1921,not out,2711,39.87,60.88888888888889,53.47368421052632,48.25,46.351351351351354,43.82608695652174,39.261538461538464,,WW Armstrong
77,0,5,6,69,v England,1,Sydney,25 Feb 1921,1921,caught,2711,39.29,60.111111111111114,50.94736842105264,47.5,44.270270270270274,43.10869565217392,39.261538461538464,,WW Armstrong
78,11,0,5,70,v England,1,Nottingham,28 May 1921,1921,bowled,2722,38.89,60.111111111111114,49.0,46.28571428571429,44.1081081081081,41.91304347826087,39.04615384615385,,WW Armstrong
79,0,0,6,71,v England,1,Lord's,11 Jun 1921,1921,bowled,2722,38.34,56.444444444444436,42.05263157894737,43.58620689655172,43.189189189189186,41.21739130434783,38.646153846153844,,WW Armstrong
80,77,0,7,72,v England,1,Leeds,2 Jul 1921,1921,caught,2799,38.88,61.33333333333334,46.10526315789475,45.206896551724135,44.405405405405396,42.26086956521739,39.753846153846155,,WW Armstrong
81,28,0,7,72,v England,0,Leeds,2 Jul 1921,1921,not out,2827,39.26,71.0,46.88888888888889,47.28571428571429,41.56756756756757,43.62222222222222,40.765625,,WW Armstrong
82,17,0,7,73,v England,1,Manchester,23 Jul 1921,1921,bowled,2844,38.96,53.375,46.27777777777778,47.53571428571429,41.94594594594594,43.6,40.765625,,WW Armstrong
83,19,0,7,74,v England,1,The Oval,13 Aug 1921,1921,caught,2863,38.69,50.875,47.111111111111114,46.5,41.594594594594604,42.369565217391305,40.734375,,WW Armstrong
