,Runs,BF,Pos,Dismissal,Opposition,Dismissed,Start Date,Date,DisType,Tally,Ave,rolling10,rolling20,rolling30,rolling40,rolling50,rolling70,rolling100,Name
0,59,201,7,1,India,1,18 Oct 1992,1992,bowled,59,59.0,,,,,,,,A Flower
1,1,34,6,1,India,0,18 Oct 1992,1992,not out,60,60.0,,,,,,,,A Flower
2,81,115,7,2,New Zealand,1,1 Nov 1992,1992,caught,141,70.5,,,,,,,,A Flower
3,14,68,6,3,New Zealand,1,7 Nov 1992,1992,caught,155,51.67,,,,,,,,A Flower
4,9,25,6,4,New Zealand,1,7 Nov 1992,1992,caught,164,41.0,,,,,,,,A Flower
5,115,236,5,5,India,1,13 Mar 1993,1993,stumped,279,55.8,,,,,,,,A Flower
6,62,191,5,5,India,0,13 Mar 1993,1993,not out,341,68.2,,,,,,,,A Flower
7,63,147,5,6,Pakistan,1,1 Dec 1993,1993,lbw,404,67.33,,,,,,,,A Flower
8,21,42,5,7,Pakistan,1,1 Dec 1993,1993,caught,425,60.71,,,,,,,,A Flower
9,12,15,5,8,Pakistan,1,9 Dec 1993,1993,caught,437,54.62,54.625,,,,,,,A Flower
10,0,8,5,9,Pakistan,1,9 Dec 1993,1993,caught,437,48.56,47.25,,,,,,,A Flower
11,62,150,5,9,Pakistan,0,16 Dec 1993,1993,not out,499,55.44,54.875,,,,,,,A Flower
12,26,75,5,10,Sri Lanka,1,11 Oct 1994,1994,caught,525,52.5,48.0,,,,,,,A Flower
13,50,115,5,11,Sri Lanka,1,20 Oct 1994,1994,caught,575,52.27,52.5,,,,,,,A Flower
14,10,15,5,12,Sri Lanka,1,26 Oct 1994,1994,caught,585,48.75,52.625,,,,,,,A Flower
15,156,245,5,13,Pakistan,1,31 Jan 1995,1995,caught,741,57.0,57.75,,,,,,,A Flower
16,14,45,5,14,Pakistan,1,7 Feb 1995,1995,caught,755,53.93,46.0,,,,,,,A Flower
17,8,33,5,15,Pakistan,1,7 Feb 1995,1995,lbw,763,50.87,39.888888888888886,,,,,,,A Flower
18,37,60,5,16,Pakistan,1,15 Feb 1995,1995,caught,800,50.0,41.666666666666664,,,,,,,A Flower
19,35,80,4,17,Pakistan,1,15 Feb 1995,1995,caught,835,49.12,44.22222222222222,49.11764705882353,,,,,,A Flower
20,7,23,3,18,South Africa,1,13 Oct 1995,1995,bowled,842,46.78,45.0,46.05882352941177,,,,,,A Flower
21,63,114,5,19,South Africa,1,13 Oct 1995,1995,caught,905,47.63,40.6,46.94444444444444,,,,,,A Flower
22,6,19,5,20,New Zealand,1,13 Jan 1996,1996,caught,911,45.55,38.6,42.77777777777778,,,,,,A Flower
23,58,78,5,20,New Zealand,0,13 Jan 1996,1996,not out,969,48.45,43.77777777777778,47.88235294117647,,,,,,A Flower
24,35,86,5,21,New Zealand,1,20 Jan 1996,1996,lbw,1004,47.81,46.55555555555556,49.411764705882355,,,,,,A Flower
25,45,98,4,21,New Zealand,0,20 Jan 1996,1996,not out,1049,49.95,38.5,48.125,,,,,,A Flower
26,2,14,4,22,Sri Lanka,1,11 Sep 1996,1996,caught,1051,47.77,37.0,41.76470588235294,,,,,,A Flower
27,0,1,5,23,Sri Lanka,1,11 Sep 1996,1996,caught,1051,45.7,36.0,38.05882352941177,,,,,,A Flower
28,3,15,5,24,Sri Lanka,1,18 Sep 1996,1996,run out,1054,43.92,31.75,37.0,,,,,,A Flower
29,31,93,5,25,Sri Lanka,1,18 Sep 1996,1996,caught,1085,43.4,31.25,38.11764705882353,43.4,,,,,A Flower
30,11,21,5,26,Pakistan,1,17 Oct 1996,1996,lbw,1096,42.15,31.75,38.76470588235294,41.48,,,,,A Flower
31,18,121,5,27,Pakistan,1,17 Oct 1996,1996,bowled,1114,41.26,26.125,34.166666666666664,40.53846153846154,,,,,A Flower
32,61,144,6,28,Pakistan,1,24 Oct 1996,1996,caught,1175,41.96,33.0,36.111111111111114,39.76923076923077,,,,,A Flower
33,23,41,6,29,Pakistan,1,24 Oct 1996,1996,caught,1198,41.31,25.444444444444443,34.611111111111114,40.11538461538461,,,,,A Flower
34,112,331,5,30,England,1,18 Dec 1996,1996,caught,1310,43.67,34.0,40.27777777777778,44.07692307692308,,,,,A Flower
35,14,41,5,31,England,1,18 Dec 1996,1996,caught,1324,42.71,27.5,32.388888888888886,40.19230769230769,,,,,A Flower
36,6,24,5,32,England,1,26 Dec 1996,1996,lbw,1330,41.56,27.9,31.944444444444443,36.629629629629626,,,,,A Flower
37,8,15,3,33,New Zealand,1,18 Sep 1997,1997,caught,1338,40.55,28.7,31.944444444444443,34.592592592592595,,,,,A Flower
38,20,35,3,34,New Zealand,1,18 Sep 1997,1997,caught,1358,39.94,30.4,31.0,34.55555555555556,,,,,A Flower
39,39,77,3,35,New Zealand,1,25 Sep 1997,1997,caught,1397,39.91,31.2,31.22222222222222,35.55555555555556,39.91428571428571,,,,A Flower
40,7,25,3,36,New Zealand,1,25 Sep 1997,1997,caught,1404,39.0,30.8,31.22222222222222,35.81481481481482,38.42857142857143,,,,A Flower
41,8,36,4,37,Sri Lanka,1,7 Jan 1998,1998,lbw,1412,38.16,29.8,28.166666666666668,32.607142857142854,37.55555555555556,,,,A Flower
42,67,212,5,38,Sri Lanka,1,7 Jan 1998,1998,caught,1479,38.92,30.4,31.555555555555557,34.07142857142857,37.166666666666664,,,,A Flower
43,8,37,5,39,Sri Lanka,1,14 Jan 1998,1998,caught,1487,38.13,28.9,27.263157894736842,32.57142857142857,37.0,,,,A Flower
44,105,238,6,39,Sri Lanka,0,14 Jan 1998,1998,not out,1592,40.82,31.333333333333332,32.666666666666664,37.2962962962963,40.8,,,,A Flower
45,2,19,5,40,New Zealand,1,19 Feb 1998,1998,caught,1594,39.85,30.0,28.68421052631579,31.59259259259259,37.57142857142857,,,,A Flower
46,6,26,6,41,New Zealand,1,19 Feb 1998,1998,caught,1600,39.02,30.0,28.894736842105264,31.296296296296298,34.97222222222222,,,,A Flower
47,65,131,5,42,New Zealand,1,26 Feb 1998,1998,caught,1665,39.64,36.333333333333336,32.31578947368421,33.407407407407405,35.02777777777778,,,,A Flower
48,83,131,5,43,New Zealand,1,26 Feb 1998,1998,caught,1748,40.65,43.333333333333336,36.526315789473685,35.111111111111114,36.75,,,,A Flower
49,44,97,5,44,Pakistan,1,14 Mar 1998,1998,caught,1792,40.73,43.888888888888886,37.21052631578947,35.44444444444444,37.638888888888886,40.72727272727273,,,A Flower
50,100,217,6,44,Pakistan,0,14 Mar 1998,1998,not out,1892,43.0,61.0,44.22222222222222,40.38461538461539,41.57142857142857,42.627906976744185,,,A Flower
51,1,2,5,45,Pakistan,1,21 Mar 1998,1998,lbw,1893,42.07,60.125,43.27777777777778,38.0,38.72222222222222,41.65909090909091,,,A Flower
52,49,120,5,46,Pakistan,1,21 Mar 1998,1998,caught,1942,42.22,57.875,42.611111111111114,39.65384615384615,39.361111111111114,40.93181818181818,,,A Flower
53,30,62,5,47,India,1,7 Oct 1998,1998,caught,1972,41.96,60.625,43.0,37.148148148148145,38.80555555555556,41.29545454545455,,,A Flower
54,41,87,6,47,India,0,7 Oct 1998,1998,not out,2013,42.83,52.625,41.35294117647059,38.80769230769231,40.8,43.0,,,A Flower
55,0,1,5,48,Pakistan,1,27 Nov 1998,1998,bowled,2013,41.94,52.375,40.529411764705884,35.7037037037037,36.34285714285714,40.325581395348834,,,A Flower
56,17,39,5,48,Pakistan,0,27 Nov 1998,1998,not out,2030,42.29,61.42857142857143,43.75,37.65384615384615,37.5,39.27906976744186,,,A Flower
57,60,147,5,48,Pakistan,0,10 Dec 1998,1998,not out,2090,43.54,70.83333333333333,50.13333333333333,41.56,40.21212121212121,40.142857142857146,,,A Flower
58,28,114,5,49,Australia,1,14 Oct 1999,1999,caught,2118,43.22,61.666666666666664,50.666666666666664,42.56,39.93939393939394,40.30952380952381,,,A Flower
59,0,11,6,50,Australia,1,14 Oct 1999,1999,caught,2118,42.36,54.333333333333336,48.06666666666667,41.32,38.878787878787875,40.023809523809526,,,A Flower
60,13,46,5,51,South Africa,1,29 Oct 1999,1999,lbw,2131,41.78,34.142857142857146,48.46666666666667,41.4,39.06060606060606,40.333333333333336,,,A Flower
61,39,76,5,52,South Africa,1,29 Oct 1999,1999,lbw,2170,41.73,39.57142857142857,50.53333333333333,42.24,38.333333333333336,38.86046511627907,,,A Flower
62,8,35,5,53,South Africa,1,11 Nov 1999,1999,caught,2178,41.09,33.714285714285715,46.6,40.12,38.39393939393939,38.44186046511628,,,A Flower
63,14,29,5,54,South Africa,1,11 Nov 1999,1999,bowled,2192,40.59,31.428571428571427,47.0,39.76,35.970588235294116,37.604651162790695,,,A Flower
64,86,200,5,55,Sri Lanka,1,18 Nov 1999,1999,caught,2278,41.42,33.125,42.875,38.72,37.470588235294116,39.372093023255815,,,A Flower
65,15,59,5,55,Sri Lanka,0,18 Nov 1999,1999,not out,2293,41.69,40.0,46.6,40.375,36.588235294117645,36.95238095238095,,,A Flower
66,74,227,5,56,Sri Lanka,1,26 Nov 1999,1999,lbw,2367,42.27,42.125,51.13333333333333,43.208333333333336,38.705882352941174,38.38095238095238,,,A Flower
67,129,304,6,57,Sri Lanka,1,26 Nov 1999,1999,caught,2496,43.79,45.111111111111114,55.4,48.25,42.5,41.26190476190476,,,A Flower
68,14,61,5,58,Sri Lanka,1,4 Dec 1999,1999,caught,2510,43.28,43.55555555555556,50.8,48.0,42.8235294117647,40.714285714285715,,,A Flower
69,70,257,5,58,Sri Lanka,0,4 Dec 1999,1999,not out,2580,44.48,57.75,56.285714285714285,51.43478260869565,45.303030303030305,42.5609756097561,44.48275862068966,,A Flower
70,113,290,5,58,West Indies,0,16 Mar 2000,2000,not out,2693,46.43,80.28571428571429,57.214285714285715,58.59090909090909,49.90625,46.275,46.21052631578947,,A Flower
71,5,16,5,59,West Indies,1,16 Mar 2000,2000,caught,2698,45.73,75.42857142857143,57.5,58.45454545454545,49.5,44.825,45.48275862068966,,A Flower
72,66,182,5,60,West Indies,1,24 Mar 2000,2000,bowled,2764,46.07,83.71428571428571,58.714285714285715,58.40909090909091,49.65625,46.325,45.224137931034484,,A Flower
73,10,11,5,61,West Indies,1,24 Mar 2000,2000,bowled,2774,45.48,83.14285714285714,57.285714285714285,58.5,49.25,44.02439024390244,45.1551724137931,,A Flower
74,24,38,5,62,England,1,18 May 2000,2000,caught,2798,45.13,74.28571428571429,52.333333333333336,52.43478260869565,46.5,43.75609756097561,45.41379310344828,,A Flower
75,2,3,6,63,England,1,18 May 2000,2000,lbw,2800,44.44,63.375,52.46666666666667,52.43478260869565,46.125,41.69047619047619,43.46551724137931,,A Flower
76,42,113,5,64,England,1,1 Jun 2000,2000,bowled,2842,44.41,59.375,50.75,54.0,47.25,42.642857142857146,42.389830508474574,,A Flower
77,29,32,5,65,New Zealand,1,12 Sep 2000,2000,caught,2871,44.17,46.875,45.94117647058823,52.43478260869565,47.90625,43.333333333333336,41.813559322033896,,A Flower
78,22,59,5,66,New Zealand,1,12 Sep 2000,2000,lbw,2893,43.83,47.875,45.588235294117645,49.78260869565217,47.96875,43.785714285714285,41.83050847457627,,A Flower
79,48,94,5,67,New Zealand,1,19 Sep 2000,2000,lbw,2941,43.9,40.111111111111114,48.411764705882355,49.95652173913044,48.25,44.19047619047619,42.440677966101696,,A Flower
80,65,132,5,68,New Zealand,1,19 Sep 2000,2000,caught,3006,44.21,31.3,51.470588235294116,46.416666666666664,50.0625,45.476190476190474,43.54237288135593,,A Flower
81,183,351,5,68,India,0,18 Nov 2000,2000,not out,3189,46.9,54.55555555555556,63.6875,56.34782608695652,57.32258064516129,50.609756097560975,45.59322033898305,,A Flower
82,70,134,5,69,India,1,18 Nov 2000,2000,lbw,3259,47.23,55.0,67.5625,57.26086956521739,57.41935483870968,50.829268292682926,46.33898305084746,,A Flower
83,55,92,5,70,India,1,25 Nov 2000,2000,caught,3314,47.34,60.0,70.125,58.34782608695652,58.935483870967744,51.609756097560975,46.42372881355932,,A Flower
84,232,444,5,70,India,0,25 Nov 2000,2000,not out,3546,50.66,93.5,84.53333333333333,66.65217391304348,63.03225806451613,55.9,51.05172413793103,,A Flower
85,79,152,5,71,New Zealand,1,26 Dec 2000,2000,caught,3625,51.06,103.125,83.25,70.08695652173913,65.51612903225806,57.525,49.724137931034484,,A Flower
86,73,133,5,72,Bangladesh,1,19 Apr 2001,2001,caught,3698,51.36,107.0,83.1875,69.5,67.6774193548387,59.2,50.741379310344826,,A Flower
87,23,34,5,73,Bangladesh,1,26 Apr 2001,2001,run out,3721,50.97,106.25,76.5625,65.24,66.3225806451613,59.575,51.0,,A Flower
88,51,45,5,74,India,1,7 Jun 2001,2001,caught,3772,50.97,109.875,78.875,66.16,65.29032258064517,60.35,51.241379310344826,,A Flower
89,83,145,6,75,India,1,7 Jun 2001,2001,caught,3855,51.4,114.25,75.0,69.48,66.54838709677419,61.45,52.06896551724138,,A Flower
90,45,65,5,76,India,1,15 Jun 2001,2001,caught,3900,51.32,111.75,67.05555555555556,70.76,62.75,62.4,52.724137931034484,,A Flower
91,8,9,8,76,India,0,15 Jun 2001,2001,not out,3908,51.42,89.875,71.17647058823529,72.41666666666667,65.0,64.0,52.68421052631579,,A Flower
92,142,200,5,77,South Africa,1,7 Sep 2001,2001,lbw,4050,52.6,98.875,75.6470588235294,78.0,68.0,65.92307692307692,55.07017543859649,,A Flower
93,199,470,5,77,South Africa,0,7 Sep 2001,2001,not out,4249,55.18,133.57142857142858,92.1875,89.43478260869566,75.9,72.6842105263158,57.54385964912281,,A Flower
94,67,99,5,78,South Africa,1,14 Sep 2001,2001,caught,4316,55.33,96.25,94.875,88.6086956521739,74.29032258064517,69.84615384615384,58.10526315789474,,A Flower
95,14,54,5,78,South Africa,0,14 Sep 2001,2001,not out,4330,55.51,100.71428571428571,102.0,88.56521739130434,77.23333333333333,72.0,57.56140350877193,,A Flower
96,28,37,5,79,Bangladesh,1,8 Nov 2001,2001,bowled,4358,55.16,94.28571428571429,101.06666666666666,86.56521739130434,75.09677419354838,72.57894736842105,58.01754385964912,,A Flower
97,114,150,5,79,Bangladesh,0,15 Nov 2001,2001,not out,4472,56.61,125.16666666666667,114.35714285714286,89.81818181818181,76.83870967741936,75.86486486486487,61.089285714285715,,A Flower
98,42,122,5,80,Sri Lanka,1,27 Dec 2001,2001,bowled,4514,56.42,123.66666666666667,115.78571428571429,91.0909090909091,77.29032258064517,74.75675675675676,61.785714285714285,,A Flower
99,10,38,6,81,Sri Lanka,1,27 Dec 2001,2001,lbw,4524,55.85,111.5,113.07142857142857,84.52173913043478,77.61290322580645,73.83783783783784,61.410714285714285,55.851851851851855,A Flower
100,8,23,5,82,Sri Lanka,1,4 Jan 2002,2002,caught,4532,55.27,105.33333333333333,109.0,76.625,77.45161290322581,69.47368421052632,61.357142857142854,55.22222222222222,A Flower
101,11,63,5,83,Sri Lanka,1,4 Jan 2002,2002,lbw,4543,54.73,90.71428571428571,90.26666666666667,76.875,76.54838709677419,69.73684210526316,61.232142857142854,54.670731707317074,A Flower
102,6,12,5,84,Sri Lanka,1,12 Jan 2002,2002,caught,4549,54.15,71.28571428571429,86.0,74.375,76.48387096774194,68.60526315789474,60.25,53.75609756097561,A Flower
103,3,10,5,85,Sri Lanka,1,12 Jan 2002,2002,caught,4552,53.55,37.875,82.53333333333333,74.08333333333333,76.12903225806451,67.89473684210526,59.892857142857146,53.6219512195122,A Flower
104,3,12,4,86,India,1,21 Feb 2002,2002,bowled,4555,52.97,29.875,63.0625,73.20833333333333,73.45161290322581,65.17948717948718,57.94642857142857,53.548780487804876,A Flower
105,8,41,4,87,India,1,21 Feb 2002,2002,caught,4563,52.45,25.88888888888889,58.625,73.45833333333333,70.9375,65.38461538461539,57.839285714285715,52.24390243902439,A Flower
106,92,154,4,88,India,1,28 Feb 2002,2002,caught,4655,52.9,33.0,59.8125,75.54166666666667,71.5,65.625,59.375,51.975903614457835,A Flower
107,0,4,4,89,India,1,28 Feb 2002,2002,caught,4655,52.3,18.3,58.375,74.33333333333333,67.46875,62.5609756097561,59.232142857142854,51.21686746987952,A Flower
108,29,24,5,90,Pakistan,1,9 Nov 2002,2002,caught,4684,52.04,17.0,57.0,74.625,67.9375,62.58536585365854,59.392857142857146,51.31325301204819,A Flower
109,67,101,5,91,Pakistan,1,9 Nov 2002,2002,caught,4751,52.21,22.7,56.0,75.41666666666667,65.78787878787878,64.21951219512195,59.892857142857146,51.975903614457835,A Flower
110,30,73,5,92,Pakistan,1,16 Nov 2002,2002,caught,4781,51.97,24.9,55.0625,73.95833333333333,61.411764705882355,64.63414634146342,60.30357142857143,52.33734939759036,A Flower
111,13,38,5,93,Pakistan,1,16 Nov 2002,2002,lbw,4794,51.55,25.1,52.11764705882353,64.2,61.64705882352941,64.0,60.392857142857146,51.13095238095238,A Flower
