,Runs,BF,Pos,Dismissal,Opposition,Dismissed,Start Date,Date,DisType,Tally,Ave,rolling10,rolling20,rolling30,rolling40,rolling50,rolling70,rolling100,Name
0,48,104,7,1,West Indies,1,16 Mar 1984,1984,caught,48,48.0,,,,,,,,DM Jones
1,5,23,8,2,West Indies,1,16 Mar 1984,1984,bowled,53,26.5,,,,,,,,DM Jones
2,1,12,5,3,West Indies,1,7 Apr 1984,1984,bowled,54,18.0,,,,,,,,DM Jones
3,11,51,5,4,West Indies,1,7 Apr 1984,1984,caught,65,16.25,,,,,,,,DM Jones
4,210,330,3,5,India,1,18 Sep 1986,1986,bowled,275,55.0,,,,,,,,DM Jones
5,24,39,3,6,India,1,18 Sep 1986,1986,caught,299,49.83,,,,,,,,DM Jones
6,29,116,3,7,India,1,26 Sep 1986,1986,stumped,328,46.86,,,,,,,,DM Jones
7,35,93,3,8,India,1,15 Oct 1986,1986,caught,363,45.38,,,,,,,,DM Jones
8,73,164,3,8,India,0,15 Oct 1986,1986,not out,436,54.5,,,,,,,,DM Jones
9,8,32,4,9,England,1,14 Nov 1986,1986,lbw,444,49.33,49.333333333333336,,,,,,,DM Jones
10,18,24,3,10,England,1,14 Nov 1986,1986,stumped,462,46.2,46.0,,,,,,,DM Jones
11,27,86,4,11,England,1,28 Nov 1986,1986,caught,489,44.45,48.44444444444444,,,,,,,DM Jones
12,69,157,3,12,England,1,28 Nov 1986,1986,run out,558,46.5,56.0,,,,,,,DM Jones
13,93,220,3,13,England,1,12 Dec 1986,1986,caught,651,50.08,65.11111111111111,,,,,,,DM Jones
14,2,21,3,14,England,1,12 Dec 1986,1986,caught,653,46.64,42.0,,,,,,,DM Jones
15,59,136,3,15,England,1,26 Dec 1986,1986,caught,712,47.47,45.888888888888886,,,,,,,DM Jones
16,21,33,3,16,England,1,26 Dec 1986,1986,caught,733,45.81,45.0,,,,,,,DM Jones
17,184,421,3,16,England,0,10 Jan 1987,1987,not out,917,57.31,69.25,,,,,,,DM Jones
18,30,109,3,17,England,1,10 Jan 1987,1987,caught,947,55.71,56.77777777777778,,,,,,,DM Jones
19,2,14,3,18,New Zealand,1,4 Dec 1987,1987,bowled,949,52.72,56.111111111111114,52.72222222222222,,,,,,DM Jones
20,38,49,3,18,New Zealand,0,4 Dec 1987,1987,not out,987,54.83,65.625,55.23529411764706,,,,,,DM Jones
21,0,3,3,19,New Zealand,1,11 Dec 1987,1987,caught,987,51.95,62.25,54.94117647058823,,,,,,DM Jones
22,4,15,3,20,New Zealand,1,26 Dec 1987,1987,caught,991,49.55,54.125,55.11764705882353,,,,,,DM Jones
23,8,18,3,21,New Zealand,1,26 Dec 1987,1987,caught,999,47.57,43.5,54.94117647058823,,,,,,DM Jones
24,56,125,3,22,England,1,29 Jan 1988,1988,caught,1055,47.95,50.25,45.88235294117647,,,,,,DM Jones
25,24,67,3,23,England,1,29 Jan 1988,1988,caught,1079,46.91,45.875,45.88235294117647,,,,,,DM Jones
26,102,174,3,24,Sri Lanka,1,12 Feb 1988,1988,lbw,1181,49.21,56.0,50.1764705882353,,,,,,DM Jones
27,3,49,3,25,Pakistan,1,15 Sep 1988,1988,lbw,1184,47.36,29.666666666666668,48.294117647058826,,,,,,DM Jones
28,4,6,4,26,Pakistan,1,15 Sep 1988,1988,caught,1188,45.69,26.77777777777778,41.77777777777778,,,,,,DM Jones
29,16,34,3,27,Pakistan,1,23 Sep 1988,1988,lbw,1204,44.59,28.333333333333332,42.22222222222222,44.592592592592595,,,,,DM Jones
30,21,56,3,27,Pakistan,0,23 Sep 1988,1988,not out,1225,45.37,26.444444444444443,44.88235294117647,45.26923076923077,,,,,DM Jones
31,0,5,3,28,Pakistan,1,7 Oct 1988,1988,lbw,1225,43.75,26.444444444444443,43.294117647058826,45.07692307692308,,,,,DM Jones
32,0,1,3,29,Pakistan,1,7 Oct 1988,1988,lbw,1225,42.24,26.0,39.23529411764706,45.03846153846154,,,,,DM Jones
33,28,106,3,30,West Indies,1,24 Dec 1988,1988,bowled,1253,41.77,28.22222222222222,35.411764705882355,45.69230769230769,,,,,DM Jones
34,18,48,3,31,West Indies,1,24 Dec 1988,1988,caught,1271,41.0,24.0,36.35294117647059,38.30769230769231,,,,,DM Jones
35,29,70,4,32,West Indies,1,26 Jan 1989,1989,bowled,1300,40.62,24.555555555555557,34.588235294117645,38.5,,,,,DM Jones
36,24,85,4,32,West Indies,0,26 Jan 1989,1989,not out,1324,41.38,17.875,36.9375,39.84,,,,,DM Jones
37,216,347,4,33,West Indies,1,3 Feb 1989,1989,run out,1540,46.67,44.5,36.64705882352941,47.08,,,,,DM Jones
38,6,14,4,34,West Indies,1,3 Feb 1989,1989,lbw,1546,45.47,44.75,35.23529411764706,42.69230769230769,,,,,DM Jones
39,79,172,5,35,England,1,8 Jun 1989,1989,caught,1625,46.43,52.625,39.76470588235294,45.42307692307692,46.42857142857143,,,,DM Jones
40,40,34,5,35,England,0,8 Jun 1989,1989,not out,1665,47.57,55.0,39.88235294117647,48.12,47.55882352941177,,,,DM Jones
41,27,30,5,36,England,1,22 Jun 1989,1989,lbw,1692,47.0,58.375,41.470588235294116,48.12,48.205882352941174,,,,DM Jones
42,0,4,5,37,England,1,22 Jun 1989,1989,caught,1692,45.73,58.375,41.23529411764706,45.36,48.1764705882353,,,,DM Jones
43,157,294,5,38,England,1,6 Jul 1989,1989,caught,1849,48.66,74.5,50.0,47.92,52.470588235294116,,,,DM Jones
44,69,141,5,39,England,1,27 Jul 1989,1989,bowled,1918,49.18,80.875,50.76470588235294,50.6,48.3235294117647,,,,DM Jones
45,22,44,5,40,England,1,10 Aug 1989,1989,caught,1940,48.5,80.0,50.64705882352941,49.12,48.26470588235294,,,,DM Jones
46,122,180,5,41,England,1,24 Aug 1989,1989,caught,2062,50.29,82.0,51.8235294117647,53.16,51.0,,,,DM Jones
47,50,69,5,42,England,1,24 Aug 1989,1989,bowled,2112,50.29,63.55555555555556,54.588235294117645,45.96153846153846,51.44117647058823,,,,DM Jones
48,99,192,5,43,New Zealand,1,24 Nov 1989,1989,lbw,2211,51.42,73.88888888888889,60.1764705882353,48.61538461538461,50.714285714285715,,,,DM Jones
49,15,26,5,44,Sri Lanka,1,8 Dec 1989,1989,lbw,2226,50.59,66.77777777777777,60.11764705882353,49.11538461538461,50.91428571428571,50.59090909090909,,,DM Jones
50,23,45,4,45,Sri Lanka,1,8 Dec 1989,1989,caught,2249,49.98,58.4,56.888888888888886,46.74074074074074,51.05714285714286,50.02272727272727,,,DM Jones
51,3,2,5,46,Sri Lanka,1,16 Dec 1989,1989,caught,2252,48.96,56.0,57.05555555555556,46.851851851851855,50.371428571428574,49.97727272727273,,,DM Jones
52,118,178,6,46,Sri Lanka,0,16 Dec 1989,1989,not out,2370,51.52,75.33333333333333,67.3529411764706,53.03846153846154,53.294117647058826,53.86046511627907,,,DM Jones
53,0,1,5,47,Pakistan,1,12 Jan 1990,1990,caught,2370,50.43,57.888888888888886,65.70588235294117,52.73076923076923,50.55882352941177,53.604651162790695,,,DM Jones
54,10,11,5,48,Pakistan,1,12 Jan 1990,1990,lbw,2380,49.58,51.333333333333336,65.23529411764706,50.96153846153846,50.794117647058826,48.95348837209303,,,DM Jones
55,116,239,5,49,Pakistan,1,19 Jan 1990,1990,caught,2496,50.94,61.77777777777778,70.3529411764706,54.5,52.470588235294116,51.093023255813954,,,DM Jones
56,121,205,4,49,Pakistan,0,19 Jan 1990,1990,not out,2617,53.41,69.375,76.05882352941177,57.44,57.09090909090909,54.5,,,DM Jones
57,20,29,5,50,New Zealand,1,15 Mar 1990,1990,caught,2637,52.74,65.625,64.52941176470588,58.12,50.588235294117645,54.142857142857146,,,DM Jones
58,0,2,6,51,New Zealand,1,15 Mar 1990,1990,lbw,2637,51.71,53.25,64.17647058823529,57.96,49.705882352941174,51.18604651162791,,,DM Jones
59,17,42,5,52,England,1,23 Nov 1990,1990,caught,2654,51.04,53.5,60.529411764705884,58.0,50.14705882352941,51.395348837209305,,,DM Jones
60,44,57,5,53,England,1,26 Dec 1990,1990,caught,2698,50.91,56.125,57.388888888888886,56.65384615384615,48.885714285714286,52.0,,,DM Jones
61,60,120,5,54,England,1,4 Jan 1991,1991,stumped,2758,51.07,63.25,59.22222222222222,58.96153846153846,50.6,52.76744186046512,,,DM Jones
62,0,1,6,55,England,1,4 Jan 1991,1991,caught,2758,50.15,43.111111111111114,59.22222222222222,58.96153846153846,50.48571428571429,51.16279069767442,,,DM Jones
63,0,3,5,56,England,1,25 Jan 1991,1991,lbw,2758,49.25,43.111111111111114,50.5,57.88461538461539,50.25714285714286,49.0,,,DM Jones
64,8,16,4,57,England,1,25 Jan 1991,1991,lbw,2766,48.53,42.888888888888886,47.111111111111114,57.5,48.885714285714286,49.13953488372093,,,DM Jones
65,34,52,5,58,England,1,1 Feb 1991,1991,bowled,2800,48.28,33.77777777777778,47.77777777777778,57.69230769230769,49.17142857142857,48.55813953488372,,,DM Jones
66,0,3,5,59,West Indies,1,1 Mar 1991,1991,caught,2800,47.46,18.3,41.0,54.666666666666664,46.25714285714286,48.06976744186046,,,DM Jones
67,34,93,5,60,West Indies,1,23 Mar 1991,1991,bowled,2834,47.23,19.7,40.111111111111114,47.925925925925924,47.142857142857146,43.56818181818182,,,DM Jones
68,3,8,5,61,West Indies,1,23 Mar 1991,1991,run out,2837,46.51,20.0,34.77777777777778,47.81481481481482,47.114285714285714,42.95454545454545,,,DM Jones
69,21,75,5,62,West Indies,1,5 Apr 1991,1991,lbw,2858,46.1,20.4,35.111111111111114,45.666666666666664,47.25714285714286,43.38636363636363,46.096774193548384,,DM Jones
70,39,118,4,62,West Indies,0,5 Apr 1991,1991,not out,2897,46.73,22.11111111111111,38.11764705882353,45.629629629629626,47.77142857142857,43.40909090909091,46.704918032786885,,DM Jones
71,22,51,5,63,West Indies,1,19 Apr 1991,1991,lbw,2919,46.33,17.88888888888889,39.23529411764706,45.44444444444444,48.4,43.90909090909091,46.98360655737705,,DM Jones
72,37,66,6,64,West Indies,1,19 Apr 1991,1991,bowled,2956,46.19,22.0,32.55555555555556,46.81481481481482,49.457142857142856,44.65909090909091,47.57377049180328,,DM Jones
73,81,120,5,65,West Indies,1,27 Apr 1991,1991,lbw,3037,46.72,31.0,37.05555555555556,44.0,50.97142857142857,46.31818181818182,48.721311475409834,,DM Jones
74,8,15,6,66,West Indies,1,27 Apr 1991,1991,bowled,3045,46.14,31.0,36.94444444444444,41.74074074074074,50.68571428571428,45.22727272727273,45.40983606557377,,DM Jones
75,0,2,5,67,India,1,29 Nov 1991,1991,bowled,3045,45.45,27.22222222222222,30.5,40.925925925925924,49.857142857142854,44.68181818181818,45.01639344262295,,DM Jones
76,59,197,5,68,India,1,26 Dec 1991,1991,caught,3104,45.65,33.77777777777778,25.63157894736842,38.592592592592595,49.44444444444444,43.70454545454545,45.50819672131148,,DM Jones
77,35,75,5,69,India,1,2 Jan 1992,1992,run out,3139,45.49,33.888888888888886,26.42105263157895,38.03703703703704,44.416666666666664,44.43181818181818,45.50819672131148,,DM Jones
78,18,25,5,70,India,1,2 Jan 1992,1992,caught,3157,45.1,35.55555555555556,27.36842105263158,35.03703703703704,44.75,44.75,43.88709677419355,,DM Jones
79,41,93,5,71,India,1,25 Jan 1992,1992,caught,3198,45.04,37.77777777777778,28.63157894736842,36.0,43.69444444444444,45.31818181818182,44.41935483870968,,DM Jones
80,0,2,5,72,India,1,25 Jan 1992,1992,caught,3198,44.42,30.1,26.31578947368421,35.148148148148145,41.432432432432435,43.84444444444444,44.12903225806452,,DM Jones
81,7,9,5,73,India,1,1 Feb 1992,1992,caught,3205,43.9,28.6,23.526315789473685,35.2962962962963,40.891891891891895,44.0,43.806451612903224,,DM Jones
82,150,295,4,73,India,0,1 Feb 1992,1992,not out,3355,45.96,44.333333333333336,33.166666666666664,36.48148148148148,46.19444444444444,48.40909090909091,45.85245901639344,,DM Jones
83,10,8,4,74,Sri Lanka,1,17 Aug 1992,1992,lbw,3365,45.47,36.44444444444444,33.72222222222222,36.851851851851855,42.111111111111114,48.0,44.49180327868852,,DM Jones
84,57,82,4,75,Sri Lanka,1,17 Aug 1992,1992,run out,3422,45.63,41.888888888888886,36.44444444444444,38.592592592592595,41.77777777777778,48.88636363636363,45.39344262295082,,DM Jones
85,77,153,4,76,Sri Lanka,1,28 Aug 1992,1992,lbw,3499,46.04,50.44444444444444,38.833333333333336,37.148148148148145,43.30555555555556,49.97727272727273,45.68852459016394,,DM Jones
86,100,213,4,76,Sri Lanka,0,28 Aug 1992,1992,not out,3599,47.36,61.875,47.0,36.370370370370374,43.91428571428571,51.70454545454545,47.766666666666666,,DM Jones
87,11,26,4,77,Sri Lanka,1,8 Sep 1992,1992,lbw,3610,46.88,58.875,45.64705882352941,36.03703703703704,42.8,47.04545454545455,44.14754098360656,,DM Jones
88,21,52,4,78,Sri Lanka,1,8 Sep 1992,1992,bowled,3631,46.55,59.25,46.705882352941174,36.81481481481482,40.57142857142857,47.38636363636363,44.0,,DM Jones
