,Runs,BF,Pos,Dismissal,Opposition,Dismissed,Start Date,Date,DisType,Tally,Ave,rolling10,rolling20,rolling30,rolling40,rolling50,rolling70,rolling100,Name
0,52,0,6,1,New Zealand,1,24 Jul 1958,1958,lbw,52,52.0,,,,,,,,ER Dexter
1,1,7,6,2,Australia,1,9 Jan 1959,1959,lbw,53,26.5,,,,,,,,ER Dexter
2,11,33,6,3,Australia,1,9 Jan 1959,1959,caught,64,21.33,,,,,,,,ER Dexter
3,0,1,6,4,Australia,1,13 Feb 1959,1959,caught,64,16.0,,,,,,,,ER Dexter
4,6,33,6,5,Australia,1,13 Feb 1959,1959,caught,70,14.0,,,,,,,,ER Dexter
5,141,292,6,6,New Zealand,1,27 Feb 1959,1959,bowled,211,35.17,,,,,,,,ER Dexter
6,1,0,6,7,New Zealand,1,14 Mar 1959,1959,caught,212,30.29,,,,,,,,ER Dexter
7,13,0,6,8,India,1,23 Jul 1959,1959,caught,225,28.12,,,,,,,,ER Dexter
8,45,0,3,9,India,1,23 Jul 1959,1959,caught,270,30.0,,,,,,,,ER Dexter
9,0,0,6,10,India,1,20 Aug 1959,1959,caught,270,27.0,27.0,,,,,,,ER Dexter
10,136,0,6,10,West Indies,0,6 Jan 1960,1960,not out,406,40.6,39.333333333333336,,,,,,,ER Dexter
11,77,0,5,11,West Indies,1,28 Jan 1960,1960,caught,483,43.91,47.77777777777778,,,,,,,ER Dexter
12,0,0,5,12,West Indies,1,28 Jan 1960,1960,bowled,483,40.25,46.55555555555556,,,,,,,ER Dexter
13,25,0,5,13,West Indies,1,17 Feb 1960,1960,caught,508,39.08,49.333333333333336,,,,,,,ER Dexter
14,16,0,5,14,West Indies,1,17 Feb 1960,1960,bowled,524,37.43,50.44444444444444,,,,,,,ER Dexter
15,39,0,5,15,West Indies,1,9 Mar 1960,1960,caught,563,37.53,39.111111111111114,,,,,,,ER Dexter
16,110,0,3,16,West Indies,1,9 Mar 1960,1960,caught,673,42.06,51.22222222222222,,,,,,,ER Dexter
17,76,0,3,17,West Indies,1,25 Mar 1960,1960,caught,749,44.06,58.22222222222222,,,,,,,ER Dexter
18,47,0,4,18,West Indies,1,25 Mar 1960,1960,run out,796,44.22,58.44444444444444,,,,,,,ER Dexter
19,52,141,3,19,South Africa,1,9 Jun 1960,1960,bowled,848,44.63,64.22222222222223,44.63157894736842,,,,,,ER Dexter
20,26,0,3,20,South Africa,1,9 Jun 1960,1960,bowled,874,43.7,46.8,43.26315789473684,,,,,,ER Dexter
21,56,0,3,21,South Africa,1,23 Jun 1960,1960,caught,930,44.29,44.7,46.1578947368421,,,,,,ER Dexter
22,3,0,3,22,South Africa,1,7 Jul 1960,1960,bowled,933,42.41,45.0,45.73684210526316,,,,,,ER Dexter
23,0,6,3,23,South Africa,1,7 Jul 1960,1960,caught,933,40.57,42.5,45.73684210526316,,,,,,ER Dexter
24,38,0,3,24,South Africa,1,21 Jul 1960,1960,bowled,971,40.46,44.7,47.421052631578945,,,,,,ER Dexter
25,22,0,3,25,South Africa,1,21 Jul 1960,1960,caught,993,39.72,43.0,41.1578947368421,,,,,,ER Dexter
26,28,0,3,26,South Africa,1,18 Aug 1960,1960,bowled,1021,39.27,34.8,42.578947368421055,,,,,,ER Dexter
27,16,0,3,27,South Africa,1,18 Aug 1960,1960,bowled,1037,38.41,28.8,42.73684210526316,,,,,,ER Dexter
28,10,0,3,28,Australia,1,8 Jun 1961,1961,caught,1047,37.39,25.1,40.89473684210526,,,,,,ER Dexter
29,180,0,3,29,Australia,1,8 Jun 1961,1961,stumped,1227,42.31,37.9,50.36842105263158,42.310344827586206,,,,,ER Dexter
30,27,0,3,30,Australia,1,22 Jun 1961,1961,caught,1254,41.8,38.0,42.4,41.44827586206897,,,,,ER Dexter
31,17,0,3,31,Australia,1,22 Jun 1961,1961,bowled,1271,41.0,34.1,39.4,42.0,,,,,ER Dexter
32,28,0,5,32,Australia,1,6 Jul 1961,1961,bowled,1299,40.59,36.6,40.8,42.58620689655172,,,,,ER Dexter
33,16,0,3,33,Australia,1,27 Jul 1961,1961,caught,1315,39.85,38.2,40.35,43.13793103448276,,,,,ER Dexter
34,76,0,3,34,Australia,1,27 Jul 1961,1961,caught,1391,40.91,42.0,43.35,45.55172413793103,,,,,ER Dexter
35,24,0,5,35,Australia,1,17 Aug 1961,1961,caught,1415,40.43,42.2,42.6,41.51724137931034,,,,,ER Dexter
36,0,0,3,36,Australia,1,17 Aug 1961,1961,caught,1415,39.31,39.4,37.1,41.48275862068966,,,,,ER Dexter
37,20,0,5,37,Pakistan,1,21 Oct 1961,1961,hit wicket,1435,38.78,39.8,34.3,41.724137931034484,,,,,ER Dexter
38,66,0,5,37,Pakistan,0,21 Oct 1961,1961,not out,1501,40.57,50.44444444444444,37.10526315789474,43.964285714285715,,,,,ER Dexter
39,85,0,5,38,India,1,11 Nov 1961,1961,bowled,1586,41.74,39.888888888888886,38.8421052631579,47.0,41.73684210526316,,,,ER Dexter
40,27,0,5,39,India,1,11 Nov 1961,1961,caught,1613,41.36,39.888888888888886,38.89473684210526,41.62068965517241,41.078947368421055,,,,ER Dexter
41,2,0,5,40,India,1,1 Dec 1961,1961,caught,1615,40.38,38.22222222222222,36.05263157894737,39.03448275862069,41.10526315789474,,,,ER Dexter
42,126,0,5,40,India,0,1 Dec 1961,1961,not out,1741,43.52,55.25,44.888888888888886,44.92857142857143,45.32432432432432,,,,ER Dexter
43,45,0,5,40,India,0,13 Dec 1961,1961,not out,1786,44.65,67.28571428571429,50.1764705882353,47.333333333333336,47.833333333333336,,,,ER Dexter
44,57,0,5,41,India,1,30 Dec 1961,1961,bowled,1843,44.95,64.57142857142857,51.294117647058826,48.851851851851855,49.25,,,,ER Dexter
45,62,0,4,42,India,1,30 Dec 1961,1961,lbw,1905,45.36,70.0,53.64705882352941,49.7037037037037,47.05555555555556,,,,ER Dexter
46,2,0,4,43,India,1,10 Jan 1962,1962,bowled,1907,44.35,70.28571428571429,52.11764705882353,45.7037037037037,47.083333333333336,,,,ER Dexter
47,3,0,4,44,India,1,10 Jan 1962,1962,caught,1910,43.41,67.85714285714286,51.35294117647059,43.0,46.80555555555556,,,,ER Dexter
48,12,0,5,45,Pakistan,1,19 Jan 1962,1962,bowled,1922,42.71,52.625,51.470588235294116,41.7037037037037,45.888888888888886,,,,ER Dexter
49,205,0,3,46,Pakistan,1,2 Feb 1962,1962,caught,2127,46.24,67.625,52.94117647058823,47.370370370370374,51.583333333333336,46.23913043478261,,,ER Dexter
50,72,0,3,47,Pakistan,1,31 May 1962,1962,caught,2199,46.79,73.25,55.588235294117645,49.074074074074076,48.45945945945946,46.67391304347826,,,ER Dexter
51,65,0,3,48,Pakistan,1,21 Jun 1962,1962,caught,2264,47.17,81.125,58.411764705882355,49.407407407407405,48.13513513513514,48.06521739130435,,,ER Dexter
52,32,0,3,48,Pakistan,0,21 Jun 1962,1962,not out,2296,47.83,69.375,62.3125,52.42307692307692,50.361111111111114,49.6,,,ER Dexter
53,20,0,3,49,Pakistan,1,5 Jul 1962,1962,bowled,2316,47.27,58.888888888888886,62.5625,53.19230769230769,50.22222222222222,50.044444444444444,,,ER Dexter
54,85,0,3,50,Pakistan,1,26 Jul 1962,1962,caught,2401,48.02,62.0,63.125,55.0,52.138888888888886,51.8,,,ER Dexter
55,172,0,3,51,Pakistan,1,16 Aug 1962,1962,bowled,2573,50.45,74.22222222222223,72.375,60.76923076923077,55.833333333333336,52.48888888888889,,,ER Dexter
56,70,0,3,52,Australia,1,30 Nov 1962,1962,bowled,2643,50.83,81.77777777777777,76.75,62.38461538461539,54.72222222222222,54.022222222222226,,,ER Dexter
57,99,0,3,53,Australia,1,30 Nov 1962,1962,bowled,2742,51.74,92.44444444444444,81.6875,65.57692307692308,55.361111111111114,55.93333333333333,,,ER Dexter
58,93,198,3,54,Australia,1,29 Dec 1962,1962,caught,2835,52.5,101.44444444444444,78.47058823529412,68.76923076923077,56.638888888888886,57.0,,,ER Dexter
59,52,164,3,55,Australia,1,29 Dec 1962,1962,run out,2887,52.49,84.44444444444444,76.52941176470588,63.84615384615385,56.638888888888886,58.15555555555556,,,ER Dexter
60,32,71,3,56,Australia,1,11 Jan 1963,1963,caught,2919,52.12,80.0,76.82352941176471,64.03846153846153,56.80555555555556,54.630434782608695,,,ER Dexter
61,11,26,3,57,Australia,1,11 Jan 1963,1963,caught,2930,51.4,74.0,77.3529411764706,63.80769230769231,55.55555555555556,53.19565217391305,,,ER Dexter
62,61,0,5,58,Australia,1,25 Jan 1963,1963,caught,2991,51.57,69.5,69.44444444444444,65.07692307692308,57.166666666666664,54.52173913043478,,,ER Dexter
63,10,0,5,59,Australia,1,25 Jan 1963,1963,caught,3001,50.86,68.5,63.94736842105263,64.84615384615384,57.44444444444444,54.19565217391305,,,ER Dexter
64,47,0,4,60,Australia,1,15 Feb 1963,1963,caught,3048,50.8,64.7,63.421052631578945,63.73076923076923,57.69444444444444,54.869565217391305,,,ER Dexter
65,6,0,4,61,Australia,1,15 Feb 1963,1963,stumped,3054,50.07,48.1,60.473684210526315,63.03846153846154,57.25,54.15217391304348,,,ER Dexter
66,7,0,4,62,New Zealand,1,23 Feb 1963,1963,caught,3061,49.37,41.8,60.73684210526316,63.30769230769231,56.666666666666664,51.91304347826087,,,ER Dexter
67,31,0,4,63,New Zealand,1,1 Mar 1963,1963,bowled,3092,49.08,35.0,62.21052631578947,63.73076923076923,57.083333333333336,50.93478260869565,,,ER Dexter
68,46,0,4,64,New Zealand,1,15 Mar 1963,1963,bowled,3138,49.03,30.3,64.0,60.629629629629626,58.083333333333336,50.91304347826087,,,ER Dexter
69,73,159,5,65,West Indies,1,6 Jun 1963,1963,caught,3211,49.4,32.4,57.05263157894737,60.18518518518518,55.111111111111114,51.369565217391305,49.4,,ER Dexter
70,35,74,6,66,West Indies,1,6 Jun 1963,1963,caught,3246,49.18,32.7,55.10526315789474,60.48148148148148,55.333333333333336,51.56521739130435,49.13846153846154,,ER Dexter
71,70,75,3,67,West Indies,1,20 Jun 1963,1963,lbw,3316,49.49,38.6,55.36842105263158,63.0,56.80555555555556,51.869565217391305,50.2,,ER Dexter
72,2,19,3,68,West Indies,1,20 Jun 1963,1963,bowled,3318,48.79,32.7,51.1,56.32142857142857,56.083333333333336,51.84782608695652,50.06153846153846,,ER Dexter
73,29,50,3,69,West Indies,1,4 Jul 1963,1963,bowled,3347,48.51,34.6,51.55,53.827586206896555,56.44444444444444,52.47826086956522,50.50769230769231,,ER Dexter
74,57,127,5,70,West Indies,1,4 Jul 1963,1963,stumped,3404,48.63,35.6,50.15,53.827586206896555,55.916666666666664,52.891304347826086,51.292307692307695,,ER Dexter
75,8,0,3,71,West Indies,1,25 Jul 1963,1963,bowled,3412,48.06,35.8,41.95,51.96551724137931,55.47222222222222,52.58695652173913,49.246153846153845,,ER Dexter
76,10,0,3,72,West Indies,1,25 Jul 1963,1963,lbw,3422,47.53,36.1,38.95,52.241379310344826,55.75,52.19565217391305,49.38461538461539,,ER Dexter
77,29,0,3,73,West Indies,1,22 Aug 1963,1963,caught,3451,47.27,35.9,35.45,53.13793103448276,56.0,52.47826086956522,49.63076923076923,,ER Dexter
78,27,0,3,74,West Indies,1,22 Aug 1963,1963,caught,3478,47.0,34.0,32.15,53.6551724137931,53.432432432432435,52.84782608695652,49.353846153846156,,ER Dexter
79,9,49,3,75,Australia,1,4 Jun 1964,1964,caught,3487,46.49,27.6,30.0,46.89655172413793,51.37837837837838,49.130434782608695,49.49230769230769,,ER Dexter
80,68,88,1,76,Australia,1,4 Jun 1964,1964,caught,3555,46.78,30.9,31.8,46.758620689655174,52.486486486486484,50.02173913043478,47.71212121212121,,ER Dexter
81,2,2,1,77,Australia,1,18 Jun 1964,1964,bowled,3557,46.19,24.1,31.35,44.58620689655172,52.486486486486484,49.69565217391305,46.57575757575758,,ER Dexter
82,66,99,3,78,Australia,1,2 Jul 1964,1964,caught,3623,46.45,30.5,31.6,44.233333333333334,49.526315789473685,50.52173913043478,47.57575757575758,,ER Dexter
83,17,80,5,79,Australia,1,2 Jul 1964,1964,caught,3640,46.08,29.3,31.95,44.13333333333333,47.53846153846154,50.54347826086956,47.45454545454545,,ER Dexter
84,174,484,3,80,Australia,1,23 Jul 1964,1964,bowled,3814,47.68,41.0,38.3,47.1,50.53846153846154,52.67391304347826,49.84848484848485,,ER Dexter
85,23,66,3,81,Australia,1,13 Aug 1964,1964,caught,3837,47.37,42.5,39.15,42.13333333333333,49.53846153846154,52.65217391304348,49.60606060606061,,ER Dexter
86,25,32,3,82,Australia,1,13 Aug 1964,1964,caught,3862,47.1,44.0,40.05,40.63333333333333,50.12820512820513,53.19565217391305,48.31818181818182,,ER Dexter
87,28,0,3,83,South Africa,1,4 Dec 1964,1964,caught,3890,46.87,43.9,39.9,38.266666666666666,50.76923076923077,53.369565217391305,47.59090909090909,,ER Dexter
88,172,0,3,84,South Africa,1,23 Dec 1964,1964,caught,4062,48.36,58.4,46.2,40.9,54.87179487179487,54.48936170212766,49.484848484848484,,ER Dexter
89,61,0,3,85,South Africa,1,1 Jan 1965,1965,caught,4123,48.51,63.6,45.6,41.2,51.17948717948718,53.97872340425532,49.621212121212125,,ER Dexter
90,38,0,3,86,South Africa,1,22 Jan 1965,1965,caught,4161,48.38,60.6,45.75,41.4,50.30769230769231,54.212765957446805,49.803030303030305,,ER Dexter
91,0,0,3,87,South Africa,1,22 Jan 1965,1965,caught,4161,47.83,60.4,42.25,41.03333333333333,48.64102564102564,54.170212765957444,48.95454545454545,,ER Dexter
92,40,0,4,88,South Africa,1,12 Feb 1965,1965,run out,4201,47.74,57.8,44.15,40.333333333333336,47.625,51.25,49.515151515151516,,ER Dexter
93,5,0,3,88,South Africa,0,12 Feb 1965,1965,not out,4206,47.8,62.888888888888886,45.21052631578947,41.55172413793103,48.46153846153846,50.416666666666664,50.353846153846156,,ER Dexter
94,57,0,3,89,New Zealand,1,27 May 1965,1965,caught,4263,47.9,49.888888888888886,45.21052631578947,41.89655172413793,47.743589743589745,50.416666666666664,50.646153846153844,,ER Dexter
95,0,0,3,89,New Zealand,0,27 May 1965,1965,not out,4263,47.9,53.25,47.27777777777778,43.17857142857143,44.473684210526315,50.170212765957444,51.09375,,ER Dexter
96,62,0,3,90,New Zealand,1,17 Jun 1965,1965,caught,4325,48.06,57.875,50.166666666666664,45.142857142857146,44.26315789473684,51.4468085106383,51.625,,ER Dexter
97,80,0,4,90,New Zealand,0,17 Jun 1965,1965,not out,4405,48.94,73.57142857142857,56.11764705882353,48.629629629629626,44.945945945945944,54.23913043478261,53.46031746031746,,ER Dexter
98,10,38,3,91,Australia,1,25 Jul 1968,1968,bowled,4415,48.52,50.42857142857143,55.11764705882353,47.2962962962963,42.7027027027027,54.19565217391305,53.46031746031746,,ER Dexter
99,38,94,3,92,Australia,1,25 Jul 1968,1968,bowled,4453,48.4,47.142857142857146,56.8235294117647,46.0,42.32432432432432,50.56521739130435,51.20634920634921,48.40217391304348,ER Dexter
100,21,68,3,93,Australia,1,22 Aug 1968,1968,bowled,4474,48.11,44.714285714285715,54.05882352941177,45.48148148148148,42.027027027027025,49.45652173913044,51.111111111111114,48.06521739130435,ER Dexter
101,28,47,3,94,Australia,1,22 Aug 1968,1968,bowled,4502,47.89,48.714285714285715,55.588235294117645,43.925925925925924,42.486486486486484,48.65217391304348,51.285714285714285,48.358695652173914,ER Dexter
