,Name,Runs,Dismissal,Pos,Opposition,Ave,RunTally,DisTally,Date,Out,rolling10,rolling20,rolling30,rolling40,rolling50,rolling70,rolling100
0,GS Chappell,108.0,caught,7,England,108.0,108.0,1,1970,1,,,,,,,
1,GS Chappell,15.0,caught,5,England,61.5,123.0,2,1971,1,,,,,,,
2,GS Chappell,2.0,bowled,5,England,41.67,125.0,3,1971,1,,,,,,,
3,GS Chappell,3.0,caught,6,England,32.0,128.0,4,1971,1,,,,,,,
4,GS Chappell,20.0,not out,6,England,37.0,148.0,4,1971,0,,,,,,,
5,GS Chappell,0.0,caught,6,England,29.6,148.0,5,1971,1,,,,,,,
6,GS Chappell,65.0,bowled,7,England,35.5,213.0,6,1971,1,,,,,,,
7,GS Chappell,30.0,stumped,6,England,34.71,243.0,7,1971,1,,,,,,,
8,GS Chappell,24.0,caught,4,England,33.38,267.0,8,1972,1,,,,,,,
9,GS Chappell,23.0,caught,4,England,32.22,290.0,9,1972,1,32.22,,,,,,
10,GS Chappell,131.0,bowled,4,England,42.1,421.0,10,1972,1,34.78,,,,,,
11,GS Chappell,7.0,not out,4,England,42.8,428.0,10,1972,0,38.12,,,,,,
12,GS Chappell,26.0,caught,4,England,41.27,454.0,11,1972,1,41.12,,,,,,
13,GS Chappell,72.0,bowled,4,England,43.83,526.0,12,1972,1,49.75,,,,,,
14,GS Chappell,12.0,lbw,4,England,41.38,538.0,13,1972,1,43.33,,,,,,
15,GS Chappell,13.0,caught,4,England,39.36,551.0,14,1972,1,44.78,,,,,,
16,GS Chappell,113.0,caught,4,England,44.27,664.0,15,1972,1,50.11,,,,,,
17,GS Chappell,16.0,lbw,4,England,42.5,680.0,16,1972,1,48.56,,,,,,
18,GS Chappell,28.0,lbw,4,Pakistan,41.65,708.0,17,1972,1,49.0,,,,,,
19,GS Chappell,116.0,not out,4,Pakistan,48.47,824.0,17,1972,0,66.75,48.47,,,,,
20,GS Chappell,62.0,run out,5,Pakistan,49.22,886.0,18,1972,1,58.12,45.76,,,,,
21,GS Chappell,30.0,bowled,4,Pakistan,48.21,916.0,19,1973,1,54.22,46.65,,,,,
22,GS Chappell,6.0,lbw,6,Pakistan,46.1,922.0,20,1973,1,52.0,46.88,,,,,
23,GS Chappell,42.0,caught,4,West Indies,45.9,964.0,21,1973,1,48.67,49.18,,,,,
24,GS Chappell,14.0,not out,4,West Indies,46.57,978.0,21,1973,0,55.0,48.82,,,,,
25,GS Chappell,106.0,caught,4,West Indies,49.27,1084.0,22,1973,1,66.62,55.06,,,,,
26,GS Chappell,56.0,caught,3,West Indies,49.57,1140.0,23,1973,1,59.5,54.53,,,,,
27,GS Chappell,1.0,caught,4,West Indies,47.54,1141.0,24,1973,1,57.62,52.82,,,,,
28,GS Chappell,51.0,bowled,4,West Indies,47.68,1192.0,25,1973,1,60.5,54.41,,,,,
29,GS Chappell,41.0,caught,4,West Indies,47.42,1233.0,26,1973,1,45.44,55.47,47.42,,,,
30,GS Chappell,31.0,caught,4,West Indies,46.81,1264.0,27,1973,1,42.0,49.59,44.46,,,,
31,GS Chappell,60.0,caught,4,New Zealand,47.29,1324.0,28,1973,1,45.33,49.78,46.19,,,,
32,GS Chappell,0.0,caught,4,New Zealand,45.66,1324.0,29,1974,1,44.67,48.33,46.12,,,,
33,GS Chappell,8.0,not out,4,New Zealand,45.93,1332.0,29,1974,0,46.0,47.41,48.16,,,,
34,GS Chappell,42.0,bowled,4,New Zealand,45.8,1374.0,30,1974,1,44.0,49.18,47.15,,,,
35,GS Chappell,247.0,not out,4,New Zealand,54.03,1621.0,30,1974,0,67.12,66.88,58.92,,,,
36,GS Chappell,133.0,caught,4,New Zealand,56.58,1754.0,31,1974,1,76.75,68.12,61.64,,,,
37,GS Chappell,25.0,caught,4,New Zealand,55.59,1779.0,32,1974,1,79.75,68.69,61.44,,,,
38,GS Chappell,6.0,caught,4,New Zealand,54.09,1785.0,33,1974,1,74.12,67.31,60.72,,,,
39,GS Chappell,0.0,caught,4,New Zealand,52.5,1785.0,34,1974,1,69.0,56.53,59.8,52.5,,,
40,GS Chappell,38.0,caught,4,New Zealand,52.09,1823.0,35,1974,1,69.88,55.12,56.08,50.44,,,
41,GS Chappell,58.0,caught,4,England,52.25,1881.0,36,1974,1,69.62,56.76,55.88,51.71,,,
42,GS Chappell,71.0,bowled,4,England,52.76,1952.0,37,1974,1,78.5,60.59,57.62,53.74,,,
43,GS Chappell,62.0,caught,4,England,53.0,2014.0,38,1974,1,75.78,61.76,57.23,55.47,,,
44,GS Chappell,2.0,caught,3,England,51.69,2016.0,39,1974,1,71.33,57.67,56.85,53.37,,,
45,GS Chappell,61.0,lbw,4,England,51.92,2077.0,40,1974,1,45.6,55.17,58.69,55.11,,,
46,GS Chappell,84.0,caught,4,England,52.71,2161.0,41,1975,1,40.7,56.72,57.58,55.66,,,
47,GS Chappell,144.0,caught,3,England,54.88,2305.0,42,1975,1,52.6,64.67,62.5,58.91,,,
48,GS Chappell,5.0,lbw,4,England,53.72,2310.0,43,1975,1,52.5,62.11,61.62,58.37,,,
49,GS Chappell,18.0,caught,4,England,52.91,2328.0,44,1975,1,54.3,60.83,55.7,58.23,52.91,,
50,GS Chappell,1.0,caught,4,England,51.76,2329.0,45,1975,1,50.6,59.17,53.44,54.51,50.48,,
51,GS Chappell,102.0,bowled,4,England,52.85,2431.0,46,1975,1,55.0,61.5,56.11,55.64,52.45,,
52,GS Chappell,0.0,lbw,4,England,51.72,2431.0,47,1975,1,47.9,61.5,55.89,54.92,52.41,,
53,GS Chappell,4.0,lbw,4,England,50.73,2435.0,48,1975,1,42.1,58.05,54.48,53.03,52.43,,
54,GS Chappell,73.0,not out,4,England,52.25,2508.0,48,1975,0,54.67,63.0,56.67,56.29,53.64,,
55,GS Chappell,13.0,caught,4,England,51.45,2521.0,49,1975,1,49.33,47.37,53.22,56.29,53.93,,
56,GS Chappell,12.0,caught,4,England,50.66,2533.0,50,1975,1,41.33,41.0,51.59,53.4,52.73,,
57,GS Chappell,0.0,caught,4,England,49.67,2533.0,51,1975,1,25.33,39.68,51.56,52.94,52.05,,
58,GS Chappell,4.0,not out,4,England,49.75,2537.0,51,1975,0,28.38,41.78,51.73,53.79,52.79,,
59,GS Chappell,123.0,caught,4,West Indies,51.15,2660.0,52,1975,1,41.5,48.61,54.88,52.46,55.12,,
60,GS Chappell,109.0,not out,4,West Indies,53.25,2769.0,52,1975,0,62.86,55.65,60.2,55.38,55.9,,
61,GS Chappell,13.0,caught,4,West Indies,52.49,2782.0,53,1975,1,50.14,53.0,58.32,54.88,54.74,,
62,GS Chappell,43.0,caught,4,West Indies,52.31,2825.0,54,1975,1,56.29,51.35,60.04,55.97,55.14,,
63,GS Chappell,52.0,caught,5,West Indies,52.31,2877.0,55,1975,1,63.14,50.76,59.42,56.26,54.67,,
64,GS Chappell,182.0,not out,5,West Indies,55.62,3059.0,55,1976,0,78.71,65.19,67.4,61.21,60.02,,
65,GS Chappell,6.0,not out,5,West Indies,55.73,3065.0,55,1976,0,90.67,65.87,57.76,60.03,61.32,,
66,GS Chappell,4.0,caught,5,West Indies,54.8,3069.0,56,1976,1,89.33,60.53,52.6,58.45,58.66,,
67,GS Chappell,48.0,not out,5,West Indies,55.66,3117.0,56,1976,0,116.8,58.0,55.75,61.75,60.92,,
68,GS Chappell,68.0,caught,5,West Indies,55.88,3185.0,57,1976,1,108.0,62.5,58.33,62.28,61.92,,
69,GS Chappell,54.0,not out,5,West Indies,56.82,3239.0,57,1976,0,115.8,70.08,63.22,64.71,60.38,56.82,
70,GS Chappell,52.0,caught,4,Pakistan,56.74,3291.0,58,1976,1,87.0,74.0,63.83,65.39,60.12,55.84,
71,GS Chappell,70.0,caught,4,Pakistan,56.97,3361.0,59,1976,1,96.5,71.54,64.35,65.71,61.12,56.81,
72,GS Chappell,121.0,caught,4,Pakistan,58.03,3482.0,60,1977,1,109.5,80.85,66.52,69.61,64.0,58.89,
73,GS Chappell,67.0,caught,4,Pakistan,58.18,3549.0,61,1977,1,112.0,85.69,66.74,69.28,64.62,60.02,
74,GS Chappell,28.0,caught,4,Pakistan,57.69,3577.0,62,1977,1,74.0,76.36,67.87,68.84,63.39,59.12,
75,GS Chappell,5.0,caught,4,Pakistan,56.86,3582.0,63,1977,1,64.62,75.79,65.43,59.42,60.93,59.21,
76,GS Chappell,44.0,caught,4,New Zealand,56.66,3626.0,64,1977,1,69.62,78.07,63.7,56.73,60.63,58.84,
77,GS Chappell,0.0,caught,4,New Zealand,55.78,3626.0,65,1977,1,56.56,78.07,57.43,55.97,60.61,58.33,
78,GS Chappell,58.0,run out,4,New Zealand,55.82,3684.0,66,1977,1,55.44,76.47,59.74,57.55,60.78,58.91,
79,GS Chappell,40.0,bowled,4,England,55.58,3724.0,67,1977,1,48.5,70.93,60.7,58.76,60.76,59.21,
80,GS Chappell,2.0,bowled,3,England,54.79,3726.0,68,1977,1,43.5,59.81,60.74,57.67,60.05,56.98,
81,GS Chappell,66.0,caught,3,England,54.96,3792.0,69,1977,1,43.1,63.12,59.17,57.91,60.2,57.02,
82,GS Chappell,24.0,caught,3,England,54.51,3816.0,70,1977,1,33.4,61.94,60.22,56.48,60.78,56.98,
83,GS Chappell,44.0,caught,3,England,54.37,3860.0,71,1977,1,31.1,61.44,61.96,55.94,60.19,56.51,
84,GS Chappell,112.0,bowled,3,England,55.17,3972.0,72,1977,1,39.5,53.71,61.0,59.27,61.86,58.2,
85,GS Chappell,19.0,bowled,3,England,54.67,3991.0,73,1977,1,40.9,51.44,61.25,58.0,55.12,58.31,
86,GS Chappell,27.0,bowled,3,England,54.3,4018.0,74,1977,1,39.2,52.72,61.88,56.27,52.65,56.85,
87,GS Chappell,4.0,caught,3,England,53.63,4022.0,75,1977,1,39.6,47.63,62.04,52.03,52.16,56.64,
88,GS Chappell,36.0,caught,3,England,53.39,4058.0,76,1977,1,37.4,45.95,60.84,52.97,52.86,56.78,
89,GS Chappell,39.0,caught,3,England,53.21,4097.0,77,1977,1,37.3,42.9,57.48,53.61,53.77,54.55,
90,GS Chappell,74.0,caught,4,West Indies,53.47,4171.0,78,1979,1,44.5,44.0,53.92,55.82,54.6,54.75,
91,GS Chappell,124.0,bowled,4,West Indies,54.37,4295.0,79,1979,1,50.3,46.7,58.19,56.48,56.14,56.32,
92,GS Chappell,19.0,caught,4,England,53.92,4314.0,80,1979,1,49.8,41.6,57.27,57.06,54.93,56.53,
93,GS Chappell,43.0,stumped,4,England,53.79,4357.0,81,1979,1,49.7,40.4,56.92,58.24,54.49,56.55,
94,GS Chappell,19.0,caught,4,West Indies,53.37,4376.0,82,1979,1,40.4,39.95,48.78,54.94,54.88,55.7,
95,GS Chappell,22.0,caught,4,West Indies,52.99,4398.0,83,1979,1,40.7,40.8,47.61,55.21,53.98,54.33,
96,GS Chappell,3.0,caught,4,England,52.39,4401.0,84,1980,1,38.3,38.75,47.57,54.94,52.09,53.46,
97,GS Chappell,98.0,not out,4,England,53.56,4499.0,84,1980,0,53.0,45.95,49.36,59.58,52.24,55.97,
98,GS Chappell,0.0,caught,4,West Indies,52.93,4499.0,85,1980,1,49.0,42.89,46.93,57.71,52.12,55.12,
99,GS Chappell,31.0,lbw,4,West Indies,52.67,4530.0,86,1980,1,48.11,42.42,44.52,55.0,52.43,54.95,52.67
100,GS Chappell,114.0,caught,6,England,53.38,4644.0,87,1980,1,52.56,48.32,46.66,53.57,55.12,56.33,52.74
101,GS Chappell,40.0,not out,4,England,53.84,4684.0,87,1980,0,48.62,49.56,47.25,55.94,54.95,56.95,53.66
102,GS Chappell,20.0,stumped,4,Pakistan,53.45,4704.0,88,1980,1,48.75,49.33,43.64,55.26,55.44,57.29,53.87
103,GS Chappell,13.0,caught,4,Pakistan,53.0,4717.0,89,1980,1,45.0,47.61,41.71,54.12,55.66,56.42,53.99
104,GS Chappell,235.0,lbw,4,Pakistan,55.02,4952.0,90,1980,1,72.0,54.44,49.11,54.09,58.19,59.63,55.86
105,GS Chappell,56.0,lbw,4,Pakistan,55.03,5008.0,91,1980,1,76.25,56.5,50.93,53.97,59.21,55.52,56.51
106,GS Chappell,57.0,bowled,4,Pakistan,55.05,5065.0,92,1980,1,83.0,58.17,51.39,55.44,60.29,54.28,56.42
107,GS Chappell,47.0,caught,3,England,54.97,5112.0,93,1980,1,68.11,60.56,53.07,53.92,61.4,54.64,56.62
108,GS Chappell,59.0,bowled,3,England,55.01,5171.0,94,1980,1,74.67,61.83,53.11,53.68,61.26,55.51,57.02
109,GS Chappell,35.0,caught,3,New Zealand,54.8,5206.0,95,1980,1,75.11,61.61,52.93,51.76,59.21,56.08,57.16
110,GS Chappell,12.0,caught,3,New Zealand,54.35,5218.0,96,1980,1,63.78,58.17,53.29,50.71,55.66,55.66,55.78
111,GS Chappell,13.0,caught,3,New Zealand,53.93,5231.0,97,1980,1,54.7,52.0,51.39,49.21,55.66,54.92,55.21
112,GS Chappell,42.0,caught,3,New Zealand,53.81,5273.0,98,1980,1,56.9,53.28,52.04,47.13,55.64,54.44,55.39
113,GS Chappell,78.0,bowled,3,New Zealand,54.05,5351.0,99,1980,1,63.4,55.22,53.25,47.42,56.23,54.7,55.46
114,GS Chappell,204.0,caught,3,India,55.55,5555.0,100,1981,1,60.3,65.5,56.54,52.05,55.47,58.02,57.67
115,GS Chappell,36.0,caught,3,India,55.36,5591.0,101,1981,1,58.3,66.28,57.14,52.87,54.91,57.61,57.93
116,GS Chappell,52.0,stumped,3,India,55.32,5643.0,102,1981,1,57.8,69.0,58.04,53.08,55.96,57.08,57.23
117,GS Chappell,76.0,caught,3,India,55.52,5719.0,103,1981,1,60.7,64.21,60.61,55.08,55.36,55.97,57.92
118,GS Chappell,0.0,bowled,3,India,54.99,5719.0,104,1981,1,54.8,64.21,59.32,53.55,53.91,55.89,57.6
119,GS Chappell,22.0,lbw,3,Pakistan,54.68,5741.0,105,1981,1,53.5,63.74,58.71,53.08,52.12,55.95,55.88
120,GS Chappell,6.0,bowled,3,Pakistan,54.22,5747.0,106,1981,1,52.9,58.05,56.29,53.18,51.17,56.03,55.24
121,GS Chappell,201.0,caught,3,Pakistan,55.59,5948.0,107,1981,1,71.7,63.2,59.04,56.74,53.9,57.66,57.18
122,GS Chappell,22.0,caught,3,Pakistan,55.28,5970.0,108,1981,1,69.7,63.3,59.14,56.68,51.83,58.02,57.36
123,GS Chappell,0.0,caught,3,Pakistan,54.77,5970.0,109,1981,1,61.9,62.65,57.61,55.53,50.44,57.95,56.89
124,GS Chappell,0.0,caught,3,West Indies,54.27,5970.0,110,1981,1,41.5,50.9,56.93,52.58,49.85,55.84,56.09
125,GS Chappell,6.0,caught,3,West Indies,53.84,5976.0,111,1981,1,38.5,48.4,56.36,52.24,49.88,55.73,54.97
126,GS Chappell,12.0,caught,4,West Indies,53.46,5988.0,112,1982,1,34.5,46.15,56.68,51.84,49.21,55.73,54.47
127,GS Chappell,0.0,caught,3,West Indies,52.99,5988.0,113,1982,1,26.9,43.8,51.34,51.74,49.21,55.73,54.46
128,GS Chappell,61.0,caught,5,West Indies,53.06,6049.0,114,1982,1,33.0,43.9,53.45,52.39,49.27,55.75,54.57
129,GS Chappell,7.0,lbw,7,West Indies,52.66,6056.0,115,1982,1,31.5,42.5,52.62,51.55,48.58,53.9,54.19
130,GS Chappell,32.0,run out,5,New Zealand,52.48,6088.0,116,1982,1,34.1,43.5,49.79,50.45,49.21,51.86,54.2
131,GS Chappell,24.0,caught,5,New Zealand,52.24,6112.0,117,1982,1,16.4,44.05,47.6,47.82,48.33,52.03,53.8
132,GS Chappell,176.0,caught,4,New Zealand,53.29,6288.0,118,1982,1,31.8,50.75,52.8,51.95,51.5,54.11,55.78
133,GS Chappell,3.0,not out,4,New Zealand,53.31,6291.0,118,1982,0,35.67,49.47,54.28,52.27,51.72,54.19,55.72
134,GS Chappell,117.0,caught,4,England,53.85,6408.0,119,1982,1,48.67,44.89,50.21,54.92,51.83,52.33,56.56
135,GS Chappell,22.0,not out,4,England,54.03,6430.0,119,1982,0,56.75,46.61,50.79,56.44,53.02,52.58,54.03
136,GS Chappell,53.0,run out,4,England,54.02,6483.0,120,1982,1,61.88,46.67,50.64,57.83,53.59,53.34,53.13
137,GS Chappell,8.0,caught,4,England,53.64,6491.0,121,1982,1,62.88,42.89,49.25,53.84,53.67,51.91,52.94
138,GS Chappell,115.0,caught,3,England,54.15,6606.0,122,1982,1,69.62,49.28,51.25,56.95,55.39,52.63,54.17
139,GS Chappell,26.0,not out,4,England,54.36,6632.0,122,1982,0,82.29,52.41,52.81,58.39,56.33,52.2,55.08
140,GS Chappell,0.0,caught,3,England,53.92,6632.0,123,1982,1,77.71,52.06,52.37,55.22,54.69,51.4,54.65
141,GS Chappell,2.0,caught,3,England,53.5,6634.0,124,1982,1,74.57,40.35,51.96,52.7,51.98,50.35,54.01
142,GS Chappell,35.0,lbw,3,England,53.35,6669.0,125,1983,1,54.43,41.12,51.7,53.11,52.33,49.03,53.6
143,GS Chappell,11.0,caught,3,England,53.02,6680.0,126,1983,1,48.62,41.76,49.22,53.05,51.62,48.17,53.02
144,GS Chappell,66.0,lbw,4,Sri Lanka,53.12,6746.0,127,1983,1,42.25,45.65,44.11,48.49,52.67,48.75,53.75
145,GS Chappell,17.0,caught,6,Pakistan,52.84,6763.0,128,1983,1,37.0,46.29,43.41,47.43,52.56,48.94,53.25
146,GS Chappell,150.0,not out,6,Pakistan,54.01,6913.0,128,1983,0,53.75,57.81,48.85,51.33,57.09,51.36,54.62
147,GS Chappell,6.0,caught,6,Pakistan,53.64,6919.0,129,1983,1,53.5,58.19,46.15,50.19,53.78,51.45,53.03
148,GS Chappell,4.0,run out,6,Pakistan,53.25,6923.0,130,1983,1,39.62,54.62,46.31,48.67,53.87,50.61,53.02
149,GS Chappell,5.0,caught,6,Pakistan,52.89,6928.0,131,1983,1,32.89,54.5,45.65,47.83,53.29,50.06,52.87
150,GS Chappell,182.0,lbw,4,Pakistan,53.86,7110.0,132,1984,1,53.11,63.88,52.42,52.56,54.8,52.88,54.95
