,Runs,BF,Pos,Dismissal,Opposition,Dismissed,Start Date,Date,DisType,Tally,Ave,rolling10,rolling20,rolling30,rolling40,rolling50,rolling70,rolling100,Name
0,0,2,7,1,England,1,3 Jun 1976,1976,caught,0,0.0,,,,,,,,HA Gomes
1,11,23,3,2,England,1,17 Jun 1976,1976,caught,11,5.5,,,,,,,,HA Gomes
2,0,8,7,3,England,1,17 Jun 1976,1976,bowled,11,3.67,,,,,,,,HA Gomes
3,4,0,3,4,Australia,1,31 Mar 1978,1978,bowled,15,3.75,,,,,,,,HA Gomes
4,101,0,5,5,Australia,1,31 Mar 1978,1978,caught,116,23.2,,,,,,,,HA Gomes
5,30,0,4,6,Australia,1,15 Apr 1978,1978,caught,146,24.33,,,,,,,,HA Gomes
6,14,0,4,7,Australia,1,15 Apr 1978,1978,caught,160,22.86,,,,,,,,HA Gomes
7,115,0,4,8,Australia,1,28 Apr 1978,1978,bowled,275,34.38,,,,,,,,HA Gomes
8,1,0,3,9,Australia,1,28 Apr 1978,1978,caught,276,30.67,,,,,,,,HA Gomes
9,63,117,3,10,India,1,1 Dec 1978,1978,bowled,339,33.9,33.9,,,,,,,HA Gomes
10,51,0,3,11,India,1,15 Dec 1978,1978,caught,390,35.45,39.0,,,,,,,HA Gomes
11,82,0,3,12,India,1,15 Dec 1978,1978,caught,472,39.33,46.1,,,,,,,HA Gomes
12,8,0,3,13,India,1,29 Dec 1978,1978,bowled,480,36.92,46.9,,,,,,,HA Gomes
13,5,0,3,14,India,1,29 Dec 1978,1978,bowled,485,34.64,47.0,,,,,,,HA Gomes
14,14,0,3,15,India,1,12 Jan 1979,1979,caught,499,33.27,38.3,,,,,,,HA Gomes
15,91,0,3,16,India,1,12 Jan 1979,1979,caught,590,36.88,44.4,,,,,,,HA Gomes
16,40,0,3,17,India,1,24 Jan 1979,1979,caught,630,37.06,47.0,,,,,,,HA Gomes
17,14,0,3,18,India,1,24 Jan 1979,1979,bowled,644,35.78,36.9,,,,,,,HA Gomes
18,37,0,3,19,India,1,2 Feb 1979,1979,caught,681,35.84,40.5,,,,,,,HA Gomes
19,43,102,6,20,Pakistan,1,24 Nov 1980,1980,bowled,724,36.2,38.5,36.2,,,,,,HA Gomes
20,8,36,6,21,Pakistan,1,8 Dec 1980,1980,caught,732,34.86,34.2,36.6,,,,,,HA Gomes
21,1,11,7,22,Pakistan,1,8 Dec 1980,1980,caught,733,33.32,26.1,36.1,,,,,,HA Gomes
22,61,202,7,23,Pakistan,1,22 Dec 1980,1980,caught,794,34.52,31.4,39.15,,,,,,HA Gomes
23,32,98,5,24,Pakistan,1,30 Dec 1980,1980,lbw,826,34.42,34.1,40.55,,,,,,HA Gomes
24,5,61,5,25,England,1,13 Feb 1981,1981,caught,831,33.24,33.2,35.75,,,,,,HA Gomes
25,58,166,6,26,England,1,13 Mar 1981,1981,caught,889,34.19,29.9,37.15,,,,,,HA Gomes
26,34,80,6,27,England,1,13 Mar 1981,1981,run out,923,34.19,29.3,38.15,,,,,,HA Gomes
27,12,32,5,28,England,1,27 Mar 1981,1981,caught,935,33.39,29.1,33.0,,,,,,HA Gomes
28,90,220,6,28,England,0,10 Apr 1981,1981,not out,1025,36.61,38.22222222222222,39.421052631578945,,,,,,HA Gomes
29,55,108,6,29,Australia,1,26 Dec 1981,1981,caught,1080,37.24,39.55555555555556,39.0,37.241379310344826,,,,,HA Gomes
30,24,48,5,30,Australia,1,26 Dec 1981,1981,bowled,1104,36.8,41.333333333333336,37.578947368421055,38.06896551724138,,,,,HA Gomes
31,126,252,4,31,Australia,1,2 Jan 1982,1982,caught,1230,39.68,55.22222222222222,39.89473684210526,42.03448275862069,,,,,HA Gomes
32,43,122,4,32,Australia,1,2 Jan 1982,1982,caught,1273,39.78,53.22222222222222,41.73684210526316,43.51724137931034,,,,,HA Gomes
33,124,273,4,32,Australia,0,30 Jan 1982,1982,not out,1397,43.66,71.375,50.666666666666664,49.357142857142854,,,,,HA Gomes
34,21,78,4,33,Australia,1,30 Jan 1982,1982,bowled,1418,42.97,73.375,51.05555555555556,46.5,,,,,HA Gomes
35,4,0,4,34,India,1,23 Feb 1983,1983,caught,1422,41.82,66.625,46.22222222222222,45.57142857142857,,,,,HA Gomes
36,123,333,4,35,India,1,11 Mar 1983,1983,caught,1545,44.14,77.75,50.833333333333336,49.464285714285715,,,,,HA Gomes
37,36,0,4,36,India,1,31 Mar 1983,1983,caught,1581,43.92,80.75,52.05555555555556,46.642857142857146,,,,,HA Gomes
38,6,0,4,37,India,1,15 Apr 1983,1983,caught,1587,42.89,62.44444444444444,50.333333333333336,46.82142857142857,,,,,HA Gomes
39,9,0,5,38,India,1,28 Apr 1983,1983,lbw,1596,42.0,57.333333333333336,48.44444444444444,44.892857142857146,42.0,,,,HA Gomes
40,21,0,4,39,India,1,21 Oct 1983,1983,caught,1617,41.46,57.0,49.166666666666664,43.82142857142857,42.55263157894737,,,,HA Gomes
41,19,0,5,40,India,1,29 Oct 1983,1983,caught,1636,40.9,45.111111111111114,50.166666666666664,41.57142857142857,42.76315789473684,,,,HA Gomes
42,1,0,4,40,India,0,29 Oct 1983,1983,not out,1637,40.92,45.5,49.588235294117645,42.851851851851855,43.945945945945944,,,,HA Gomes
43,38,0,4,41,India,1,12 Nov 1983,1983,caught,1675,40.85,30.88888888888889,49.94117647058823,44.074074074074076,44.86486486486486,,,,HA Gomes
44,25,0,4,42,India,1,12 Nov 1983,1983,lbw,1700,40.48,31.333333333333332,51.11764705882353,44.48148148148148,42.810810810810814,,,,HA Gomes
45,26,0,5,43,India,1,24 Nov 1983,1983,bowled,1726,40.14,33.77777777777778,49.23529411764706,42.074074074074076,42.7027027027027,,,,HA Gomes
46,37,0,5,43,India,0,24 Nov 1983,1983,not out,1763,41.0,27.25,52.5,43.57692307692308,44.52777777777778,,,,HA Gomes
47,18,0,4,44,India,1,10 Dec 1983,1983,bowled,1781,40.48,25.0,52.875,43.73076923076923,41.833333333333336,,,,HA Gomes
48,28,0,4,45,India,1,24 Dec 1983,1983,bowled,1809,40.2,27.75,46.11764705882353,43.38461538461539,42.583333333333336,,,,HA Gomes
49,10,0,3,45,India,0,24 Dec 1983,1983,not out,1819,40.42,31.857142857142858,46.1875,43.8,42.285714285714285,40.422222222222224,,,HA Gomes
50,10,33,5,46,Australia,1,2 Mar 1984,1984,caught,1829,39.76,30.285714285714285,45.3125,43.88,41.114285714285714,40.644444444444446,,,HA Gomes
51,3,16,5,47,Australia,1,16 Mar 1984,1984,bowled,1832,38.98,28.0,37.625,43.96,38.857142857142854,40.46666666666667,,,HA Gomes
52,143,279,3,48,England,1,14 Jun 1984,1984,caught,1975,41.15,42.25,43.875,47.24,42.714285714285715,43.644444444444446,,,HA Gomes
53,10,24,3,49,England,1,28 Jun 1984,1984,caught,1985,40.51,38.75,34.588235294117645,46.36,42.857142857142854,43.77777777777778,,,HA Gomes
54,92,140,3,49,England,0,28 Jun 1984,1984,not out,2077,42.39,53.857142857142854,41.1875,51.916666666666664,46.411764705882355,44.56818181818182,,,HA Gomes
55,104,197,3,49,England,0,12 Jul 1984,1984,not out,2181,44.51,75.83333333333333,50.6,56.17391304347826,48.21212121212121,47.325581395348834,,,HA Gomes
56,2,11,3,49,England,0,12 Jul 1984,1984,not out,2183,44.55,70.0,45.57142857142857,57.27272727272727,48.53125,48.166666666666664,,,HA Gomes
57,30,59,3,50,England,1,26 Jul 1984,1984,caught,2213,44.26,72.0,45.142857142857146,58.09090909090909,49.03125,46.142857142857146,,,HA Gomes
58,18,57,3,51,England,1,9 Aug 1984,1984,caught,2231,43.75,70.33333333333333,46.0,52.43478260869565,48.4375,46.54761904761905,,,HA Gomes
59,1,6,3,52,England,1,9 Aug 1984,1984,caught,2232,42.92,59.0,45.42857142857143,50.08695652173913,47.125,45.07142857142857,,,HA Gomes
60,127,297,4,53,Australia,1,9 Nov 1984,1984,bowled,2359,44.51,75.71428571428571,53.0,54.56521739130435,50.84375,46.88095238095238,,,HA Gomes
61,13,57,4,54,Australia,1,23 Nov 1984,1984,bowled,2372,43.93,77.14285714285714,52.57142857142857,49.65217391304348,51.21875,45.23809523809524,,,HA Gomes
62,9,20,3,54,Australia,0,23 Nov 1984,1984,not out,2381,44.09,67.66666666666667,53.142857142857146,50.36363636363637,51.193548387096776,46.36585365853659,,,HA Gomes
63,60,120,4,55,Australia,1,7 Dec 1984,1984,caught,2441,44.38,76.0,54.714285714285715,45.391304347826086,52.096774193548384,47.707317073170735,,,HA Gomes
64,120,217,5,55,Australia,0,7 Dec 1984,1984,not out,2561,46.56,80.66666666666667,66.23076923076923,51.95454545454545,57.666666666666664,51.55,,,HA Gomes
65,68,122,4,56,Australia,1,22 Dec 1984,1984,caught,2629,46.95,64.0,69.46153846153847,54.86363636363637,58.0,50.975,,,HA Gomes
66,18,46,4,57,Australia,1,22 Dec 1984,1984,caught,2647,46.44,58.0,63.142857142857146,50.09090909090909,57.46666666666667,50.425,,,HA Gomes
67,28,105,4,58,Australia,1,30 Dec 1984,1984,caught,2675,46.12,57.75,63.857142857142854,49.72727272727273,58.0,50.775,,,HA Gomes
68,8,17,4,59,Australia,1,30 Dec 1984,1984,caught,2683,45.47,56.5,62.42857142857143,49.81818181818182,53.483870967741936,50.05,,,HA Gomes
69,0,4,3,60,New Zealand,1,29 Mar 1985,1985,caught,2683,44.72,56.375,57.6,49.40909090909091,51.70967741935484,48.975,44.71666666666667,,HA Gomes
70,25,36,3,61,New Zealand,1,29 Mar 1985,1985,caught,2708,44.39,43.625,58.6,49.59090909090909,51.74193548387097,49.4,45.13333333333333,,HA Gomes
71,53,109,4,62,New Zealand,1,6 Apr 1985,1985,lbw,2761,44.53,48.625,61.93333333333333,51.13636363636363,49.38709677419355,50.7,45.833333333333336,,HA Gomes
72,35,70,5,63,New Zealand,1,6 Apr 1985,1985,caught,2796,44.38,46.111111111111114,54.733333333333334,50.391304347826086,49.12903225806452,50.05,46.416666666666664,,HA Gomes
73,0,3,4,64,New Zealand,1,26 Apr 1985,1985,caught,2796,43.69,39.44444444444444,54.06666666666667,48.73913043478261,43.71875,49.25,46.35,,HA Gomes
74,45,136,4,65,New Zealand,1,4 May 1985,1985,caught,2841,43.71,28.0,47.75,49.608695652173914,44.46875,50.25,45.416666666666664,,HA Gomes
75,56,141,5,66,England,1,21 Feb 1986,1986,lbw,2897,43.89,26.8,42.11764705882353,50.91304347826087,46.09375,50.2,45.85,,HA Gomes
76,30,76,4,67,England,1,7 Mar 1986,1986,stumped,2927,43.69,28.0,41.333333333333336,48.5,43.1875,50.1,46.11666666666667,,HA Gomes
77,0,7,4,68,England,1,7 Mar 1986,1986,bowled,2927,43.04,25.2,39.666666666666664,47.75,42.0625,49.8,44.2,,HA Gomes
78,33,111,4,69,England,1,21 Mar 1986,1986,caught,2960,42.9,27.7,40.5,47.958333333333336,42.90625,47.19512195121951,44.733333333333334,,HA Gomes
79,48,123,4,70,England,1,3 Apr 1986,1986,caught,3008,42.97,32.5,43.111111111111114,47.56,44.125,47.02439024390244,44.483333333333334,,HA Gomes
80,24,104,4,71,England,1,11 Apr 1986,1986,bowled,3032,42.7,32.4,37.388888888888886,48.12,44.21875,47.02439024390244,44.03333333333333,,HA Gomes
81,33,126,4,72,Pakistan,1,24 Oct 1986,1986,caught,3065,42.57,30.4,38.5,49.32,44.65625,44.75609756097561,43.21666666666667,,HA Gomes
82,2,5,4,73,Pakistan,1,24 Oct 1986,1986,bowled,3067,42.01,27.1,36.10526315789474,43.68,43.333333333333336,43.75609756097561,43.11666666666667,,HA Gomes
83,9,56,4,74,Pakistan,1,7 Nov 1986,1986,lbw,3076,41.57,28.0,33.421052631578945,43.64,42.45454545454545,39.976190476190474,43.18333333333333,,HA Gomes
84,18,44,4,75,Pakistan,1,20 Nov 1986,1986,lbw,3094,41.25,25.3,26.65,39.11538461538461,42.24242424242424,39.904761904761905,43.25,,HA Gomes
85,5,33,4,76,Pakistan,1,20 Nov 1986,1986,lbw,3099,40.78,20.2,23.5,34.0,41.60606060606061,39.92857142857143,41.81666666666667,,HA Gomes
86,18,44,3,77,New Zealand,1,20 Feb 1987,1987,caught,3117,40.48,19.0,23.5,33.357142857142854,39.8235294117647,37.42857142857143,41.45,,HA Gomes
87,8,28,3,77,New Zealand,0,20 Feb 1987,1987,not out,3125,40.58,22.0,23.68421052631579,33.77777777777778,40.72727272727273,37.65853658536585,42.05084745762712,,HA Gomes
88,5,7,3,78,New Zealand,1,27 Feb 1987,1987,caught,3130,40.13,18.88888888888889,23.526315789473685,33.2962962962963,40.03030303030303,37.63414634146341,41.50847457627118,,HA Gomes
89,8,46,4,79,New Zealand,1,12 Mar 1987,1987,caught,3138,39.72,14.444444444444445,23.94736842105263,33.55555555555556,38.794117647058826,37.609756097560975,40.91525423728814,,HA Gomes
90,33,34,4,80,New Zealand,1,12 Mar 1987,1987,caught,3171,39.64,15.444444444444445,24.36842105263158,30.074074074074073,39.470588235294116,37.90243902439025,41.33898305084746,,HA Gomes
