,Name,Runs,Dismissal,Pos,Opposition,Ave,RunTally,DisTally,Date,Out,rolling10,rolling20,rolling30,rolling40,rolling50,rolling70,rolling100
0,JG Wright,55.0,lbw,1,England,55.0,55.0,1,1978,1,,,,,,,
1,JG Wright,19.0,caught,1,England,37.0,74.0,2,1978,1,,,,,,,
2,JG Wright,4.0,caught,1,England,26.0,78.0,3,1978,1,,,,,,,
3,JG Wright,0.0,caught,1,England,19.5,78.0,4,1978,1,,,,,,,
4,JG Wright,4.0,caught,1,England,16.4,82.0,5,1978,1,,,,,,,
5,JG Wright,25.0,caught,1,England,17.83,107.0,6,1978,1,,,,,,,
6,JG Wright,62.0,caught,1,England,24.14,169.0,7,1978,1,,,,,,,
7,JG Wright,25.0,lbw,1,England,24.25,194.0,8,1978,1,,,,,,,
8,JG Wright,17.0,caught,1,England,23.44,211.0,9,1978,1,,,,,,,
9,JG Wright,12.0,bowled,1,England,22.3,223.0,10,1978,1,22.3,,,,,,
10,JG Wright,27.0,caught,1,Pakistan,22.73,250.0,11,1979,1,19.5,,,,,,
11,JG Wright,21.0,bowled,1,Pakistan,22.58,271.0,12,1979,1,19.7,,,,,,
12,JG Wright,88.0,caught,2,Pakistan,27.62,359.0,13,1979,1,28.1,,,,,,
13,JG Wright,32.0,caught,1,Pakistan,27.93,391.0,14,1979,1,31.3,,,,,,
14,JG Wright,10.0,bowled,1,Pakistan,26.73,401.0,15,1979,1,31.9,,,,,,
15,JG Wright,21.0,bowled,1,West Indies,26.38,422.0,16,1980,1,31.5,,,,,,
16,JG Wright,11.0,bowled,1,West Indies,25.47,433.0,17,1980,1,26.4,,,,,,
17,JG Wright,5.0,bowled,1,West Indies,24.33,438.0,18,1980,1,24.4,,,,,,
18,JG Wright,23.0,caught,1,West Indies,24.26,461.0,19,1980,1,25.0,,,,,,
19,JG Wright,23.0,caught,1,West Indies,24.2,484.0,20,1980,1,26.1,24.2,,,,,
20,JG Wright,29.0,caught,1,Australia,24.43,513.0,21,1980,1,26.3,22.9,,,,,
21,JG Wright,1.0,caught,1,Australia,23.36,514.0,22,1980,1,24.3,22.0,,,,,
22,JG Wright,10.0,bowled,1,Australia,22.78,524.0,23,1980,1,16.5,22.3,,,,,
23,JG Wright,3.0,caught,1,Australia,21.96,527.0,24,1980,1,13.6,22.45,,,,,
24,JG Wright,4.0,caught,1,Australia,21.24,531.0,25,1980,1,13.0,22.45,,,,,
25,JG Wright,44.0,caught,1,Australia,22.12,575.0,26,1980,1,15.3,23.4,,,,,
26,JG Wright,32.0,caught,1,India,22.48,607.0,27,1981,1,17.4,21.9,,,,,
27,JG Wright,8.0,caught,1,India,21.96,615.0,28,1981,1,17.7,21.05,,,,,
28,JG Wright,18.0,caught,1,India,21.83,633.0,29,1981,1,17.2,21.1,,,,,
29,JG Wright,110.0,caught,1,India,24.77,743.0,30,1981,1,25.9,26.0,24.77,,,,
30,JG Wright,33.0,not out,1,India,25.87,776.0,30,1981,0,29.22,27.68,24.86,,,,
31,JG Wright,38.0,caught,2,Australia,26.26,814.0,31,1982,1,33.33,28.58,25.52,,,,
32,JG Wright,4.0,caught,2,Australia,25.56,818.0,32,1982,1,32.67,24.16,25.52,,,,
33,JG Wright,4.0,caught,2,Australia,24.91,822.0,33,1982,1,32.78,22.68,25.66,,,,
34,JG Wright,13.0,caught,2,Australia,24.56,835.0,34,1982,1,33.78,22.84,25.97,,,,
35,JG Wright,141.0,bowled,2,Australia,27.89,976.0,35,1982,1,44.56,29.16,29.97,,,,
36,JG Wright,13.0,bowled,3,Sri Lanka,27.47,989.0,36,1983,1,42.44,29.26,28.28,,,,
37,JG Wright,14.0,caught,3,Sri Lanka,27.11,1003.0,37,1983,1,43.11,29.74,27.9,,,,
38,JG Wright,0.0,caught,1,England,26.39,1003.0,38,1983,1,41.11,28.53,27.31,,,,
39,JG Wright,88.0,run out,1,England,27.97,1091.0,39,1983,1,38.67,31.95,29.93,27.97,,,
40,JG Wright,93.0,caught,1,England,29.6,1184.0,40,1983,1,40.8,35.32,32.21,28.95,,,
41,JG Wright,26.0,caught,1,England,29.51,1210.0,41,1983,1,39.6,36.63,32.38,29.13,,,
42,JG Wright,11.0,caught,1,England,29.07,1221.0,42,1983,1,40.3,36.68,29.72,29.31,,,
43,JG Wright,12.0,caught,1,England,28.67,1233.0,43,1983,1,41.1,37.16,29.03,29.62,,,
44,JG Wright,17.0,caught,1,England,28.41,1250.0,44,1984,1,41.5,37.84,29.28,29.95,,,
45,JG Wright,35.0,caught,1,England,28.56,1285.0,45,1984,1,30.9,37.37,29.76,30.21,,,
46,JG Wright,25.0,caught,1,England,28.48,1310.0,46,1984,1,32.1,37.0,30.24,29.26,,,
47,JG Wright,130.0,bowled,1,England,30.64,1440.0,47,1984,1,43.7,43.42,34.55,31.95,,,
48,JG Wright,11.0,not out,1,England,30.87,1451.0,47,1984,0,49.78,45.44,35.36,32.63,,,
49,JG Wright,45.0,lbw,2,Sri Lanka,31.17,1496.0,48,1984,1,45.0,41.83,36.14,33.5,31.17,,
50,JG Wright,4.0,caught,2,Sri Lanka,30.61,1500.0,49,1984,1,35.11,38.11,35.25,32.89,30.1,,
51,JG Wright,20.0,caught,2,Sri Lanka,30.4,1520.0,50,1984,1,34.44,37.16,35.93,32.87,30.12,,
52,JG Wright,48.0,caught,2,Sri Lanka,30.75,1568.0,51,1984,1,38.56,39.47,37.29,31.82,31.04,,
53,JG Wright,18.0,caught,2,Sri Lanka,30.5,1586.0,52,1984,1,39.22,40.21,37.82,31.45,31.42,,
54,JG Wright,1.0,caught,4,Pakistan,29.94,1587.0,53,1984,1,37.44,39.58,37.71,31.21,31.35,,
55,JG Wright,65.0,run out,1,Pakistan,30.59,1652.0,54,1984,1,40.78,35.58,38.46,32.37,32.19,,
56,JG Wright,18.0,caught,1,Pakistan,30.36,1670.0,55,1984,1,40.0,35.84,37.96,32.55,31.27,,
57,JG Wright,22.0,caught,1,Pakistan,30.21,1692.0,56,1984,1,28.0,36.26,38.46,33.0,31.21,,
58,JG Wright,107.0,caught,1,Pakistan,31.56,1799.0,57,1984,1,34.8,41.89,41.64,35.21,33.08,,
59,JG Wright,11.0,caught,2,Pakistan,31.21,1810.0,58,1985,1,31.4,37.84,38.11,34.89,33.06,,
60,JG Wright,11.0,lbw,2,Pakistan,30.86,1821.0,59,1985,1,32.1,33.53,36.03,34.42,32.73,,
61,JG Wright,66.0,caught,2,Pakistan,31.45,1887.0,60,1985,1,36.7,35.63,37.0,36.13,33.67,,
62,JG Wright,32.0,caught,2,Pakistan,31.46,1919.0,61,1985,1,35.1,36.74,37.97,36.71,32.5,,
63,JG Wright,1.0,caught,2,Pakistan,30.97,1920.0,62,1985,1,33.4,36.16,37.86,36.66,31.85,,
64,JG Wright,40.0,caught,1,West Indies,31.11,1960.0,63,1985,1,37.3,37.37,38.79,37.61,32.48,,
65,JG Wright,19.0,lbw,1,West Indies,30.92,1979.0,64,1985,1,32.7,36.53,34.59,36.95,32.44,,
66,JG Wright,27.0,run out,1,West Indies,30.86,2006.0,65,1985,1,33.6,36.63,35.07,36.82,32.77,,
67,JG Wright,0.0,caught,2,West Indies,30.39,2006.0,66,1985,1,31.4,29.79,34.59,36.61,32.67,,
68,JG Wright,64.0,caught,2,West Indies,30.9,2070.0,67,1985,1,27.1,30.95,36.79,37.82,33.52,,
69,JG Wright,53.0,bowled,2,West Indies,31.22,2123.0,68,1985,1,31.3,31.35,35.59,36.32,34.15,31.22,
70,JG Wright,10.0,caught,2,West Indies,30.91,2133.0,69,1985,1,31.2,31.65,32.72,34.79,33.75,30.56,
71,JG Wright,46.0,lbw,2,Australia,31.13,2179.0,70,1985,1,29.2,32.95,33.41,35.0,34.69,30.96,
72,JG Wright,38.0,caught,1,Australia,31.23,2217.0,71,1985,1,29.8,32.45,34.34,35.87,35.27,31.46,
73,JG Wright,43.0,caught,1,Australia,31.39,2260.0,72,1985,1,34.0,33.7,35.41,36.87,36.1,32.09,
74,JG Wright,20.0,caught,1,Australia,31.23,2280.0,73,1985,1,32.0,34.65,35.52,37.05,36.44,32.32,
75,JG Wright,35.0,bowled,2,Australia,31.28,2315.0,74,1985,1,33.6,33.15,35.52,34.33,36.25,32.47,
76,JG Wright,10.0,caught,2,Australia,31.0,2325.0,75,1986,1,31.9,32.75,35.0,34.26,35.79,31.71,
77,JG Wright,4.0,not out,2,Australia,31.05,2329.0,75,1986,0,35.89,33.53,31.75,34.89,36.47,31.87,
78,JG Wright,56.0,caught,1,Australia,31.38,2385.0,76,1986,1,35.0,30.84,32.21,36.37,37.28,32.45,
79,JG Wright,59.0,caught,1,Australia,31.74,2444.0,77,1986,1,35.67,33.37,32.69,35.61,36.19,33.15,
80,JG Wright,0.0,bowled,1,England,31.33,2444.0,78,1986,1,34.56,32.79,32.55,33.16,34.75,32.75,
81,JG Wright,0.0,caught,1,England,30.94,2444.0,79,1986,1,29.44,29.32,31.86,32.47,33.96,32.43,
82,JG Wright,58.0,caught,1,England,31.28,2502.0,80,1986,1,31.67,30.68,32.21,33.71,35.08,31.99,
83,JG Wright,7.0,bowled,1,England,30.98,2509.0,81,1986,1,27.67,31.0,31.83,33.58,35.15,31.61,
84,JG Wright,119.0,bowled,1,England,32.05,2628.0,82,1986,1,38.67,35.16,35.9,36.26,37.35,33.24,
85,JG Wright,7.0,not out,1,England,32.13,2635.0,82,1986,0,40.0,36.44,35.11,36.49,35.3,33.53,
86,JG Wright,75.0,caught,1,West Indies,32.65,2710.0,83,1987,1,48.12,39.11,37.14,37.84,36.62,34.5,
87,JG Wright,138.0,caught,1,West Indies,33.9,2848.0,84,1987,1,57.67,46.78,41.29,38.05,39.26,36.52,
88,JG Wright,11.0,caught,1,West Indies,33.64,2859.0,85,1987,1,52.67,43.83,37.86,37.05,39.49,36.33,
89,JG Wright,7.0,caught,1,West Indies,33.33,2866.0,86,1987,1,46.89,41.28,37.71,36.05,37.77,36.09,
90,JG Wright,6.0,caught,1,West Indies,33.01,2872.0,87,1987,1,47.56,41.06,37.54,36.11,35.91,35.74,
91,JG Wright,2.0,caught,1,West Indies,32.66,2874.0,88,1987,1,47.78,38.61,35.25,35.63,35.4,35.76,
92,JG Wright,38.0,caught,2,Australia,32.72,2912.0,89,1987,1,45.56,38.61,35.46,35.37,35.98,36.18,
93,JG Wright,15.0,lbw,2,Australia,32.52,2927.0,90,1987,1,46.44,37.06,35.96,35.29,36.04,36.36,
94,JG Wright,45.0,caught,2,Australia,32.66,2972.0,91,1987,1,38.22,38.44,36.14,36.45,36.64,36.98,
95,JG Wright,8.0,bowled,2,Australia,32.39,2980.0,92,1987,1,34.5,36.94,35.75,34.95,36.06,36.44,
96,JG Wright,99.0,caught,2,Australia,33.11,3079.0,93,1987,1,36.9,41.89,38.32,37.08,37.64,37.45,
97,JG Wright,43.0,bowled,2,Australia,33.21,3122.0,94,1987,1,27.4,41.74,39.86,37.63,35.79,37.98,
98,JG Wright,10.0,caught,1,England,32.97,3132.0,95,1988,1,27.3,39.32,37.93,35.08,35.02,37.86,
99,JG Wright,23.0,lbw,1,England,32.86,3155.0,96,1988,1,28.9,37.42,36.86,35.39,34.56,36.55,32.86
100,JG Wright,103.0,caught,1,England,33.59,3258.0,97,1988,1,38.6,42.84,40.18,37.82,36.62,37.04,33.36
101,JG Wright,49.0,caught,2,England,33.74,3307.0,98,1988,1,43.3,45.42,40.29,37.37,37.23,37.21,33.68
102,JG Wright,36.0,caught,1,England,33.77,3343.0,99,1988,1,43.1,44.26,40.21,37.47,36.98,37.69,34.01
103,JG Wright,22.0,caught,2,India,33.65,3365.0,100,1988,1,43.8,45.05,39.46,38.03,37.06,37.96,34.24
104,JG Wright,58.0,lbw,2,India,33.89,3423.0,101,1988,1,45.1,41.84,40.82,38.5,38.25,38.63,34.8
105,JG Wright,33.0,caught,2,India,33.88,3456.0,102,1988,1,47.6,41.05,40.75,38.87,37.58,37.01,34.89
106,JG Wright,36.0,lbw,2,India,33.9,3492.0,103,1988,1,41.3,39.1,41.68,39.11,37.96,37.36,34.61
107,JG Wright,17.0,caught,2,India,33.74,3509.0,104,1988,1,38.7,33.05,40.69,39.55,37.85,37.4,34.53
108,JG Wright,62.0,caught,2,India,34.01,3571.0,105,1988,1,43.9,35.6,40.9,39.5,36.92,38.33,35.0
109,JG Wright,7.0,caught,2,Pakistan,33.75,3578.0,106,1989,1,42.3,35.6,39.1,38.29,36.83,37.12,34.95
110,JG Wright,19.0,caught,2,Pakistan,33.62,3597.0,107,1989,1,33.9,36.25,39.76,38.53,37.0,36.01,34.86
111,JG Wright,2.0,caught,2,Pakistan,33.32,3599.0,108,1989,1,29.2,36.25,39.83,37.37,35.67,35.66,34.67
112,JG Wright,36.0,caught,2,Pakistan,33.35,3635.0,109,1989,1,29.2,36.15,39.07,37.32,35.75,36.03,34.12
113,JG Wright,34.0,bowled,1,Australia,33.35,3669.0,110,1989,1,30.4,37.1,40.0,37.08,36.44,36.36,34.15
114,JG Wright,3.0,caught,1,Australia,33.08,3672.0,111,1989,1,24.9,35.0,36.0,36.63,35.67,36.15,34.07
115,JG Wright,185.0,bowled,2,India,34.44,3857.0,112,1990,1,40.1,43.85,40.73,40.58,39.12,38.39,35.78
116,JG Wright,113.0,not out,2,India,35.45,3970.0,112,1990,0,53.11,46.89,43.45,44.46,41.79,40.3,37.23
117,JG Wright,3.0,caught,2,India,35.16,3973.0,113,1990,1,51.56,44.79,38.79,43.26,41.85,38.38,37.21
118,JG Wright,74.0,caught,2,India,35.5,4047.0,114,1990,1,52.89,48.16,40.97,43.74,42.06,38.75,37.75
119,JG Wright,36.0,caught,2,Australia,35.5,4083.0,115,1990,1,56.11,48.84,41.97,43.13,41.7,38.61,37.88
120,JG Wright,117.0,not out,2,Australia,36.52,4200.0,115,1990,0,75.38,52.33,47.43,47.46,44.93,40.91,39.22
121,JG Wright,8.0,caught,2,England,36.28,4208.0,116,1990,1,76.12,50.06,47.64,47.68,44.11,40.73,39.3
122,JG Wright,1.0,caught,2,England,35.97,4209.0,117,1990,1,71.75,48.11,46.32,46.14,43.3,40.02,39.2
123,JG Wright,98.0,caught,2,England,36.5,4307.0,118,1990,1,79.75,52.33,49.29,48.59,44.5,41.23,40.21
124,JG Wright,24.0,caught,2,England,36.39,4331.0,119,1990,1,82.38,50.44,48.54,46.03,44.59,41.58,40.43
125,JG Wright,46.0,caught,2,England,36.48,4377.0,120,1990,1,65.0,51.17,49.89,45.84,44.83,41.29,40.45
126,JG Wright,15.0,caught,2,Sri Lanka,36.3,4392.0,121,1991,1,46.89,50.0,46.89,44.26,44.93,41.24,40.27
127,JG Wright,88.0,caught,2,Sri Lanka,36.72,4480.0,122,1991,1,56.33,53.94,48.5,42.95,45.77,42.24,41.12
128,JG Wright,21.0,caught,2,Sri Lanka,36.59,4501.0,123,1991,1,50.44,51.67,48.89,43.21,45.02,40.94,41.15
129,JG Wright,101.0,caught,2,Sri Lanka,37.11,4602.0,124,1991,1,57.67,56.89,51.68,45.68,45.91,42.3,41.05
130,JG Wright,84.0,caught,2,Sri Lanka,37.49,4686.0,125,1991,1,48.6,60.5,51.0,47.74,47.7,43.41,41.16
131,JG Wright,20.0,caught,2,Sri Lanka,37.35,4706.0,126,1991,1,49.8,61.5,49.96,48.21,48.13,42.71,40.97
132,JG Wright,28.0,caught,2,England,37.28,4734.0,127,1992,1,52.5,61.06,49.68,47.95,47.49,42.65,41.22
133,JG Wright,99.0,stumped,2,England,37.76,4833.0,128,1992,1,52.6,64.67,52.43,50.16,49.45,44.14,42.22
134,JG Wright,15.0,bowled,2,England,37.58,4848.0,129,1992,1,51.7,65.33,50.89,49.37,47.23,43.76,42.24
135,JG Wright,0.0,lbw,2,England,37.29,4848.0,130,1992,1,47.1,55.06,49.71,49.16,46.1,43.47,40.76
136,JG Wright,116.0,caught,2,England,37.89,4964.0,131,1992,1,57.2,52.32,52.57,49.61,46.96,44.82,41.84
137,JG Wright,0.0,caught,2,England,37.61,4964.0,132,1992,1,48.4,52.16,51.96,48.47,44.08,44.82,41.69
138,JG Wright,11.0,caught,1,Sri Lanka,37.41,4975.0,133,1992,1,47.4,48.84,50.14,48.5,44.08,44.02,41.81
139,JG Wright,42.0,stumped,2,Sri Lanka,37.44,5017.0,134,1992,1,41.5,49.16,51.39,49.0,44.81,43.85,41.33
140,JG Wright,30.0,caught,2,Sri Lanka,37.39,5047.0,135,1992,1,36.1,42.35,51.79,47.08,45.31,44.15,40.66
141,JG Wright,50.0,caught,2,Sri Lanka,37.48,5097.0,136,1992,1,39.1,44.45,53.5,47.11,46.31,44.21,40.92
142,JG Wright,39.0,lbw,2,Australia,37.49,5136.0,137,1993,1,40.2,46.35,53.61,47.18,46.33,44.23,41.21
143,JG Wright,14.0,bowled,2,Australia,37.32,5150.0,138,1993,1,31.7,42.15,52.89,46.97,46.31,43.79,41.23
144,JG Wright,72.0,caught,2,Australia,37.57,5222.0,139,1993,1,37.4,44.55,55.36,47.34,46.88,44.58,41.81
145,JG Wright,46.0,not out,6,Australia,37.9,5268.0,139,1993,0,46.67,46.89,52.26,48.97,48.68,45.43,42.37
146,JG Wright,33.0,caught,1,Australia,37.86,5301.0,140,1993,1,37.44,47.84,47.54,48.89,47.28,45.78,42.46
147,JG Wright,33.0,run out,1,Australia,37.83,5334.0,141,1993,1,41.11,44.95,48.61,49.32,47.06,45.53,41.43
