,Runs,BF,Pos,Dismissal,Opposition,Dismissed,Start Date,Date,DisType,Tally,Ave,rolling10,rolling20,rolling30,rolling40,rolling50,rolling70,rolling100,Name
0,16,27,6,1,West Indies,1,17 May 2012,2012,lbw,16,16.0,,,,,,,,JM Bairstow
1,0,3,7,1,West Indies,0,17 May 2012,2012,not out,16,16.0,,,,,,,,JM Bairstow
2,4,17,6,2,West Indies,1,25 May 2012,2012,caught,20,10.0,,,,,,,,JM Bairstow
3,18,37,6,3,West Indies,1,7 Jun 2012,2012,bowled,38,12.67,,,,,,,,JM Bairstow
4,95,196,6,4,South Africa,1,16 Aug 2012,2012,bowled,133,33.25,,,,,,,,JM Bairstow
5,54,47,6,5,South Africa,1,16 Aug 2012,2012,bowled,187,37.4,,,,,,,,JM Bairstow
6,9,23,5,6,India,1,23 Nov 2012,2012,caught,196,32.67,,,,,,,,JM Bairstow
7,3,12,6,7,New Zealand,1,22 Mar 2013,2013,lbw,199,28.43,,,,,,,,JM Bairstow
8,6,19,7,8,New Zealand,1,22 Mar 2013,2013,caught,205,25.62,,,,,,,,JM Bairstow
9,41,107,6,9,New Zealand,1,16 May 2013,2013,caught,246,27.33,27.333333333333332,,,,,,,JM Bairstow
10,5,13,5,10,New Zealand,1,16 May 2013,2013,bowled,251,25.1,26.11111111111111,,,,,,,JM Bairstow
11,64,99,6,11,New Zealand,1,24 May 2013,2013,caught,315,28.64,29.9,,,,,,,JM Bairstow
12,26,22,6,11,New Zealand,0,24 May 2013,2013,not out,341,31.0,35.666666666666664,,,,,,,JM Bairstow
13,37,51,6,12,Australia,1,10 Jul 2013,2013,bowled,378,31.5,37.77777777777778,,,,,,,JM Bairstow
14,15,62,6,13,Australia,1,10 Jul 2013,2013,caught,393,30.23,28.88888888888889,,,,,,,JM Bairstow
15,67,146,6,14,Australia,1,18 Jul 2013,2013,caught,460,32.86,30.333333333333332,,,,,,,JM Bairstow
16,20,54,7,15,Australia,1,18 Jul 2013,2013,caught,480,32.0,31.555555555555557,,,,,,,JM Bairstow
17,22,51,7,16,Australia,1,1 Aug 2013,2013,caught,502,31.38,33.666666666666664,,,,,,,JM Bairstow
18,14,77,6,17,Australia,1,9 Aug 2013,2013,lbw,516,30.35,34.55555555555556,,,,,,,JM Bairstow
19,28,65,6,18,Australia,1,9 Aug 2013,2013,caught,544,30.22,33.111111111111114,30.22222222222222,,,,,,JM Bairstow
20,10,17,7,19,Australia,1,26 Dec 2013,2013,bowled,554,29.16,33.666666666666664,29.88888888888889,,,,,,JM Bairstow
21,21,28,7,20,Australia,1,26 Dec 2013,2013,caught,575,28.75,28.88888888888889,29.42105263157895,,,,,,JM Bairstow
22,18,50,8,21,Australia,1,3 Jan 2014,2014,caught,593,28.24,25.2,30.157894736842106,,,,,,JM Bairstow
23,0,3,7,22,Australia,1,3 Jan 2014,2014,caught,593,26.95,21.5,29.210526315789473,,,,,,JM Bairstow
24,5,12,5,23,Australia,1,29 Jul 2015,2015,caught,598,26.0,20.5,24.473684210526315,,,,,,JM Bairstow
25,74,105,5,24,Australia,1,6 Aug 2015,2015,caught,672,28.0,21.2,25.526315789473685,,,,,,JM Bairstow
26,13,15,5,25,Australia,1,20 Aug 2015,2015,caught,685,27.4,20.5,25.736842105263158,,,,,,JM Bairstow
27,26,48,5,26,Australia,1,20 Aug 2015,2015,caught,711,27.35,20.9,26.94736842105263,,,,,,JM Bairstow
28,8,39,6,27,Pakistan,1,13 Oct 2015,2015,lbw,719,26.63,20.3,27.05263157894737,,,,,,JM Bairstow
29,15,10,5,28,Pakistan,1,13 Oct 2015,2015,stumped,734,26.21,19.0,25.68421052631579,26.214285714285715,,,,,JM Bairstow
30,46,104,5,29,Pakistan,1,22 Oct 2015,2015,lbw,780,26.9,22.6,27.842105263157894,27.285714285714285,,,,,JM Bairstow
31,22,86,5,30,Pakistan,1,22 Oct 2015,2015,bowled,802,26.73,22.7,25.63157894736842,27.103448275862068,,,,,JM Bairstow
32,43,118,6,31,Pakistan,1,1 Nov 2015,2015,bowled,845,27.26,25.2,25.2,28.448275862068964,,,,,JM Bairstow
33,0,4,6,32,Pakistan,1,1 Nov 2015,2015,lbw,845,26.41,25.2,23.35,27.82758620689655,,,,,JM Bairstow
34,41,56,7,33,South Africa,1,26 Dec 2015,2015,caught,886,26.85,28.8,24.65,25.96551724137931,,,,,JM Bairstow
35,79,76,7,34,South Africa,1,26 Dec 2015,2015,caught,965,28.38,29.3,25.25,26.82758620689655,,,,,JM Bairstow
36,150,191,7,34,South Africa,0,2 Jan 2016,2016,not out,1115,32.79,47.77777777777778,33.421052631578945,32.82142857142857,,,,,JM Bairstow
37,30,75,7,34,South Africa,0,2 Jan 2016,2016,not out,1145,33.68,54.25,35.72222222222222,35.03703703703704,,,,,JM Bairstow
38,45,84,7,35,South Africa,1,14 Jan 2016,2016,caught,1190,34.0,58.875,37.44444444444444,36.48148148148148,,,,,JM Bairstow
39,0,3,7,36,South Africa,1,22 Jan 2016,2016,caught,1190,33.06,57.0,35.888888888888886,34.96296296296296,33.05555555555556,,,,JM Bairstow
40,14,13,7,37,South Africa,1,22 Jan 2016,2016,caught,1204,32.54,53.0,36.111111111111114,35.2962962962963,33.0,,,,JM Bairstow
41,140,183,7,38,Sri Lanka,1,19 May 2016,2016,caught,1344,35.37,67.75,42.72222222222222,38.111111111111114,35.891891891891895,,,,JM Bairstow
42,48,57,6,39,Sri Lanka,1,27 May 2016,2016,caught,1392,35.69,68.375,44.388888888888886,37.535714285714285,37.08108108108108,,,,JM Bairstow
43,167,251,6,39,Sri Lanka,0,9 Jun 2016,2016,not out,1559,39.97,102.0,56.8235294117647,43.74074074074074,42.25,,,,JM Bairstow
44,32,72,5,40,Sri Lanka,1,9 Jun 2016,2016,bowled,1591,39.78,100.71428571428571,58.411764705882355,44.370370370370374,40.5,,,,JM Bairstow
45,29,45,6,41,Pakistan,1,14 Jul 2016,2016,bowled,1620,39.51,93.57142857142857,55.76470588235294,42.96296296296296,39.80555555555556,,,,JM Bairstow
46,48,147,6,42,Pakistan,1,14 Jul 2016,2016,bowled,1668,39.71,69.125,57.8235294117647,44.0,40.888888888888886,,,,JM Bairstow
47,58,81,8,43,Pakistan,1,22 Jul 2016,2016,caught,1726,40.14,64.55555555555556,59.705882352941174,45.333333333333336,42.416666666666664,,,,JM Bairstow
48,12,16,6,44,Pakistan,1,3 Aug 2016,2016,caught,1738,39.5,60.888888888888886,59.94117647058823,45.25925925925926,42.583333333333336,,,,JM Bairstow
49,83,127,6,45,Pakistan,1,3 Aug 2016,2016,lbw,1821,40.47,70.11111111111111,63.94117647058823,47.2962962962963,43.75,40.46666666666667,,,JM Bairstow
50,55,93,6,46,Pakistan,1,11 Aug 2016,2016,caught,1876,40.78,74.66666666666667,64.47058823529412,48.96296296296296,45.138888888888886,41.333333333333336,,,JM Bairstow
51,81,127,6,47,Pakistan,1,11 Aug 2016,2016,caught,1957,41.64,68.11111111111111,67.94117647058823,51.18518518518518,45.611111111111114,42.19565217391305,,,JM Bairstow
52,52,126,7,48,Bangladesh,1,20 Oct 2016,2016,bowled,2009,41.85,68.55555555555556,68.47058823529412,52.44444444444444,45.08108108108108,43.23913043478261,,,JM Bairstow
53,47,95,7,49,Bangladesh,1,20 Oct 2016,2016,bowled,2056,41.96,49.7,71.23529411764706,54.18518518518518,45.351351351351354,43.869565217391305,,,JM Bairstow
54,24,48,7,50,Bangladesh,1,28 Oct 2016,2016,lbw,2080,41.6,48.9,70.23529411764706,54.888888888888886,45.5945945945946,42.32608695652174,,,JM Bairstow
55,3,8,7,51,Bangladesh,1,28 Oct 2016,2016,caught,2083,40.84,46.3,65.76470588235294,52.25925925925926,43.86486486486486,41.21739130434783,,,JM Bairstow
56,46,57,7,52,India,1,9 Nov 2016,2016,caught,2129,40.94,46.1,56.333333333333336,53.48148148148148,44.567567567567565,42.02173913043478,,,JM Bairstow
57,53,152,7,53,India,1,17 Nov 2016,2016,bowled,2182,41.17,45.6,54.578947368421055,54.48148148148148,45.4054054054054,43.108695652173914,,,JM Bairstow
58,34,40,7,53,India,0,17 Nov 2016,2016,not out,2216,41.81,53.111111111111114,57.0,57.57692307692308,47.22222222222222,44.68888888888889,,,JM Bairstow
59,89,177,5,54,India,1,26 Nov 2016,2016,lbw,2305,42.69,53.77777777777778,61.94444444444444,60.42307692307692,48.916666666666664,45.75555555555555,,,JM Bairstow
60,15,34,4,55,India,1,26 Nov 2016,2016,caught,2320,42.18,49.333333333333336,62.0,59.23076923076923,49.05555555555556,45.977777777777774,,,JM Bairstow
61,14,20,5,56,India,1,8 Dec 2016,2016,caught,2334,41.68,41.888888888888886,55.0,58.92307692307692,48.861111111111114,44.86666666666667,,,JM Bairstow
62,51,107,5,57,India,1,8 Dec 2016,2016,lbw,2385,41.84,41.77777777777778,55.166666666666664,59.23076923076923,49.77777777777778,44.43478260869565,,,JM Bairstow
63,49,90,5,58,India,1,16 Dec 2016,2016,caught,2434,41.97,42.0,46.05263157894737,61.11538461538461,51.138888888888886,44.69565217391305,,,JM Bairstow
64,1,6,5,59,India,1,16 Dec 2016,2016,caught,2435,41.27,39.44444444444444,44.421052631578945,59.57692307692308,51.02777777777778,44.391304347826086,,,JM Bairstow
65,10,25,5,60,South Africa,1,6 Jul 2017,2017,lbw,2445,40.75,40.22222222222222,43.421052631578945,56.92307692307692,49.25,43.15217391304348,,,JM Bairstow
66,51,76,5,61,South Africa,1,6 Jul 2017,2017,stumped,2496,40.92,40.77777777777778,43.578947368421055,51.148148148148145,50.30555555555556,43.82608695652174,,,JM Bairstow
67,45,81,5,62,South Africa,1,14 Jul 2017,2017,bowled,2541,40.98,39.888888888888886,42.89473684210526,49.857142857142854,50.833333333333336,44.32608695652174,,,JM Bairstow
68,16,29,5,63,South Africa,1,14 Jul 2017,2017,caught,2557,40.59,34.1,43.10526315789474,48.82142857142857,51.05555555555556,44.369565217391305,,,JM Bairstow
69,36,52,7,64,South Africa,1,27 Jul 2017,2017,caught,2593,40.52,28.8,40.63157894736842,50.107142857142854,51.638888888888886,44.54347826086956,40.515625,,JM Bairstow
70,63,58,7,65,South Africa,1,27 Jul 2017,2017,caught,2656,40.86,33.6,41.05263157894737,51.857142857142854,52.111111111111114,45.69565217391305,41.25,,JM Bairstow
71,99,145,7,66,South Africa,1,4 Aug 2017,2017,lbw,2755,41.74,42.1,42.0,50.392857142857146,54.25,47.391304347826086,42.13846153846154,,JM Bairstow
72,10,30,7,67,South Africa,1,4 Aug 2017,2017,caught,2765,41.27,38.0,39.78947368421053,49.035714285714285,53.333333333333336,47.21739130434783,42.23076923076923,,JM Bairstow
73,18,33,7,68,West Indies,1,17 Aug 2017,2017,bowled,2783,40.93,34.9,38.26315789473684,42.206896551724135,53.833333333333336,47.608695652173914,42.23076923076923,,JM Bairstow
74,2,9,7,69,West Indies,1,25 Aug 2017,2017,caught,2785,40.36,35.0,37.10526315789474,41.172413793103445,52.75,47.54347826086956,40.8,,JM Bairstow
75,18,21,7,70,West Indies,1,25 Aug 2017,2017,bowled,2803,40.04,35.8,37.89473684210526,40.793103448275865,51.05555555555556,46.32608695652174,40.246153846153845,,JM Bairstow
76,21,48,7,71,West Indies,1,7 Sep 2017,2017,lbw,2824,39.77,32.8,36.578947368421055,39.86206896551724,46.189189189189186,46.5,40.43076923076923,,JM Bairstow
77,9,24,7,72,Australia,1,23 Nov 2017,2017,caught,2833,39.35,29.2,34.26315789473684,38.172413793103445,44.421052631578945,46.130434782608695,40.52307692307692,,JM Bairstow
78,42,75,7,73,Australia,1,23 Nov 2017,2017,caught,2875,39.38,31.8,32.95,39.206896551724135,44.3421052631579,46.869565217391305,41.07692307692308,,JM Bairstow
79,21,50,7,74,Australia,1,2 Dec 2017,2017,caught,2896,39.14,30.3,29.55,37.06896551724138,44.89473684210526,47.0,40.76923076923077,,JM Bairstow
80,36,57,8,75,Australia,1,2 Dec 2017,2017,bowled,2932,39.09,27.6,30.6,36.41379310344828,45.473684210526315,46.78260869565217,41.246153846153845,,JM Bairstow
81,119,215,6,76,Australia,1,14 Dec 2017,2017,bowled,3051,40.14,29.6,35.85,37.724137931034484,44.921052631578945,48.891304347826086,42.09230769230769,,JM Bairstow
82,14,26,6,77,Australia,1,14 Dec 2017,2017,bowled,3065,39.81,30.0,34.0,36.41379310344828,44.026315789473685,48.26086956521739,41.27272727272727,,JM Bairstow
83,22,39,6,78,Australia,1,26 Dec 2017,2017,caught,3087,39.58,30.4,32.65,35.55172413793103,39.17948717948718,48.73913043478261,41.04545454545455,,JM Bairstow
84,5,7,6,79,Australia,1,4 Jan 2018,2018,caught,3092,39.14,30.7,32.85,34.89655172413793,38.48717948717949,47.95652173913044,40.89393939393939,,JM Bairstow
85,38,143,6,80,Australia,1,4 Jan 2018,2018,lbw,3130,39.12,32.7,34.25,36.10344827586207,38.717948717948715,47.06521739130435,40.45454545454545,,JM Bairstow
86,0,4,6,81,New Zealand,1,22 Mar 2018,2018,caught,3130,38.64,30.6,31.7,34.51724137931034,37.48717948717949,42.87234042553192,40.15151515151515,,JM Bairstow
87,26,72,6,82,New Zealand,1,22 Mar 2018,2018,caught,3156,38.49,32.3,30.75,33.58620689655172,36.666666666666664,41.895833333333336,40.21212121212121,,JM Bairstow
88,101,170,7,83,New Zealand,1,30 Mar 2018,2018,caught,3257,39.24,38.2,35.0,34.7,38.94871794871795,43.0625,41.53030303030303,,JM Bairstow
89,36,54,7,84,New Zealand,1,30 Mar 2018,2018,caught,3293,39.2,39.7,35.0,32.93333333333333,37.743589743589745,43.8125,41.65151515151515,,JM Bairstow
90,27,59,5,85,Pakistan,1,24 May 2018,2018,bowled,3320,39.06,38.8,33.2,33.333333333333336,37.02564102564103,44.083333333333336,41.90909090909091,,JM Bairstow
91,0,2,5,86,Pakistan,1,24 May 2018,2018,bowled,3320,38.6,26.9,28.25,32.86666666666667,34.94871794871795,41.166666666666664,41.59090909090909,,JM Bairstow
92,21,48,6,87,Pakistan,1,1 Jun 2018,2018,caught,3341,38.4,27.6,28.8,31.866666666666667,34.15384615384615,40.604166666666664,41.63636363636363,,JM Bairstow
93,70,88,5,88,India,1,1 Aug 2018,2018,bowled,3411,38.76,32.4,31.4,32.56666666666667,34.743589743589745,37.795918367346935,42.696969696969695,,JM Bairstow
94,28,40,5,89,India,1,1 Aug 2018,2018,caught,3439,38.64,34.7,32.7,33.46666666666667,34.84615384615385,37.714285714285715,43.04545454545455,,JM Bairstow
95,93,144,5,90,India,1,9 Aug 2018,2018,caught,3532,39.24,40.2,36.45,36.233333333333334,37.15384615384615,39.02040816326531,43.333333333333336,,JM Bairstow
96,15,41,5,91,India,1,18 Aug 2018,2018,caught,3547,38.98,41.7,36.15,35.03333333333333,36.35897435897436,38.3469387755102,43.36363636363637,,JM Bairstow
97,0,1,7,92,India,1,18 Aug 2018,2018,bowled,3547,38.55,39.1,35.7,33.53333333333333,35.0,37.16326530612245,42.96969696969697,,JM Bairstow
98,6,16,4,93,India,1,30 Aug 2018,2018,caught,3553,38.2,29.6,33.9,33.2,33.425,37.04081632653061,42.93939393939394,,JM Bairstow
99,0,1,5,94,India,1,30 Aug 2018,2018,bowled,3553,37.8,26.0,32.85,32.0,31.2,35.3469387755102,42.71212121212121,37.797872340425535,JM Bairstow
100,0,4,5,95,India,1,7 Sep 2018,2018,caught,3553,37.4,23.3,31.05,29.9,30.825,34.224489795918366,42.015151515151516,37.62765957446808,JM Bairstow
101,18,27,5,96,India,1,7 Sep 2018,2018,bowled,3571,37.2,25.1,26.0,27.2,30.925,32.93877551020408,41.95454545454545,37.421052631578945,JM Bairstow
102,110,186,3,97,Sri Lanka,1,23 Nov 2018,2018,bowled,3681,37.95,34.0,30.8,30.533333333333335,32.4,34.12244897959184,42.96969696969697,38.536842105263155,JM Bairstow
103,15,31,3,98,Sri Lanka,1,23 Nov 2018,2018,caught,3696,37.71,28.5,30.45,30.433333333333334,31.55,33.46938775510204,43.196969696969695,38.50526315789474,JM Bairstow
104,12,17,3,99,West Indies,1,23 Jan 2019,2019,bowled,3708,37.45,26.9,30.8,30.766666666666666,31.825,33.224489795918366,42.75757575757576,37.63157894736842,JM Bairstow
105,30,53,3,100,West Indies,1,23 Jan 2019,2019,caught,3738,37.38,20.6,30.4,31.166666666666668,32.325,33.775510204081634,42.015151515151516,37.37894736842105,JM Bairstow
106,52,64,3,101,West Indies,1,31 Jan 2019,2019,lbw,3790,37.52,24.3,33.0,32.2,32.35,33.89795918367347,39.92537313432836,37.83157894736842,JM Bairstow
107,14,17,3,102,West Indies,1,31 Jan 2019,2019,bowled,3804,37.29,25.7,32.4,32.36666666666667,31.575,33.10204081632653,39.10294117647059,37.94736842105263,JM Bairstow
108,2,33,7,103,West Indies,1,9 Feb 2019,2019,bowled,3806,36.95,25.3,27.45,31.033333333333335,31.225,31.8,38.470588235294116,37.90526315789474,JM Bairstow
109,0,6,5,104,Ireland,1,24 Jul 2019,2019,bowled,3806,36.6,25.3,25.65,30.333333333333332,30.325,30.02,38.470588235294116,37.473684210526315,JM Bairstow
110,0,6,6,105,Ireland,1,24 Jul 2019,2019,lbw,3806,36.25,25.3,24.3,29.133333333333333,28.75,29.72,38.26470588235294,37.421052631578945,JM Bairstow
111,8,35,7,106,Australia,1,1 Aug 2019,2019,caught,3814,35.98,24.3,24.7,25.433333333333334,26.475,29.6,36.3235294117647,36.83157894736842,JM Bairstow
112,6,8,7,107,Australia,1,1 Aug 2019,2019,caught,3820,35.7,13.9,23.95,25.166666666666668,26.375,28.7,35.705882352941174,36.239583333333336,JM Bairstow
113,52,95,7,108,Australia,1,14 Aug 2019,2019,caught,3872,35.85,17.6,23.05,26.166666666666668,27.225,28.76,33.52173913043478,36.395833333333336,JM Bairstow
114,30,37,7,108,Australia,0,14 Aug 2019,2019,not out,3902,36.13,21.555555555555557,24.36842105263158,27.93103448275862,28.641025641025642,29.93877551020408,33.98529411764706,36.93684210526316,JM Bairstow
115,4,15,6,109,Australia,1,22 Aug 2019,2019,caught,3906,35.83,18.666666666666668,19.68421052631579,26.75862068965517,28.28205128205128,29.816326530612244,33.61764705882353,36.27368421052632,JM Bairstow
116,36,68,6,110,Australia,1,22 Aug 2019,2019,caught,3942,35.84,16.88888888888889,20.789473684210527,28.0,28.666666666666668,29.510204081632654,33.44117647058823,36.44210526315789,JM Bairstow
117,17,37,7,111,Australia,1,4 Sep 2019,2019,bowled,3959,35.67,17.22222222222222,21.68421052631579,27.689655172413794,28.871794871794872,28.93877551020408,32.838235294117645,36.38947368421053,JM Bairstow
118,25,61,6,112,Australia,1,4 Sep 2019,2019,lbw,3984,35.57,19.77777777777778,22.68421052631579,25.06896551724138,28.435897435897434,29.122448979591837,33.029411764705884,36.50526315789474,JM Bairstow
119,22,55,5,113,Australia,1,12 Sep 2019,2019,lbw,4006,35.45,22.22222222222222,23.842105263157894,24.586206896551722,28.46153846153846,28.836734693877553,32.13235294117647,36.44210526315789,JM Bairstow
120,14,24,5,114,Australia,1,12 Sep 2019,2019,caught,4020,35.26,23.77777777777778,24.57894736842105,24.137931034482758,27.897435897435898,27.836734693877553,31.529411764705884,36.48421052631579,JM Bairstow
