,Name,Runs,Dismissal,Pos,Opposition,Ave,RunTally,DisTally,Date,Out,rolling10,rolling20,rolling30,rolling40,rolling50,rolling70,rolling100
0,MEK Hussey,1.0,caught,2,West Indies,1.0,1.0,1,2005,1,,,,,,,
1,MEK Hussey,29.0,caught,1,West Indies,15.0,30.0,2,2005,1,,,,,,,
2,MEK Hussey,137.0,caught,2,West Indies,55.67,167.0,3,2005,1,,,,,,,
3,MEK Hussey,31.0,not out,1,West Indies,66.0,198.0,3,2005,0,,,,,,,
4,MEK Hussey,133.0,not out,5,West Indies,110.33,331.0,3,2005,0,,,,,,,
5,MEK Hussey,30.0,not out,5,West Indies,120.33,361.0,3,2005,0,,,,,,,
6,MEK Hussey,23.0,caught,5,South Africa,96.0,384.0,4,2005,1,,,,,,,
7,MEK Hussey,58.0,caught,6,South Africa,88.4,442.0,5,2005,1,,,,,,,
8,MEK Hussey,122.0,bowled,5,South Africa,94.0,564.0,6,2005,1,,,,,,,
9,MEK Hussey,31.0,caught,5,South Africa,85.0,595.0,7,2005,1,85.0,,,,,,
10,MEK Hussey,45.0,caught,5,South Africa,80.0,640.0,8,2006,1,91.29,,,,,,
11,MEK Hussey,6.0,caught,5,South Africa,71.78,646.0,9,2006,1,88.0,,,,,,
12,MEK Hussey,14.0,not out,5,South Africa,73.33,660.0,9,2006,0,82.17,,,,,,
13,MEK Hussey,75.0,lbw,5,South Africa,73.5,735.0,10,2006,1,76.71,,,,,,
14,MEK Hussey,73.0,lbw,5,South Africa,73.45,808.0,11,2006,1,59.62,,,,,,
15,MEK Hussey,89.0,lbw,2,South Africa,74.75,897.0,12,2006,1,59.56,,,,,,
16,MEK Hussey,23.0,bowled,2,Bangladesh,70.77,920.0,13,2006,1,59.56,,,,,,
17,MEK Hussey,37.0,bowled,2,Bangladesh,68.36,957.0,14,2006,1,57.22,,,,,,
18,MEK Hussey,182.0,caught,5,Bangladesh,75.93,1139.0,15,2006,1,63.89,,,,,,
19,MEK Hussey,86.0,bowled,5,England,76.56,1225.0,16,2006,1,70.0,76.56,,,,,
20,MEK Hussey,91.0,bowled,5,England,77.41,1316.0,17,2006,1,75.11,82.19,,,,,
21,MEK Hussey,61.0,not out,4,England,81.0,1377.0,17,2006,0,91.38,89.8,,,,,
22,MEK Hussey,74.0,not out,4,England,85.35,1451.0,17,2006,0,98.88,91.71,,,,,
23,MEK Hussey,103.0,caught,4,England,86.33,1554.0,18,2006,1,102.38,90.4,,,,,
24,MEK Hussey,6.0,bowled,5,England,82.11,1560.0,19,2006,1,94.0,76.81,,,,,
25,MEK Hussey,37.0,caught,4,England,79.85,1597.0,20,2007,1,87.5,72.71,,,,,
26,MEK Hussey,133.0,caught,4,Sri Lanka,82.38,1730.0,21,2007,1,101.25,79.18,,,,,
27,MEK Hussey,132.0,lbw,4,Sri Lanka,84.64,1862.0,22,2007,1,113.12,83.53,,,,,
28,MEK Hussey,34.0,not out,4,Sri Lanka,86.18,1896.0,22,2007,0,108.14,83.25,,,,,
29,MEK Hussey,2.0,lbw,4,India,82.52,1898.0,23,2007,1,96.14,81.44,82.52,,,,
30,MEK Hussey,36.0,caught,4,India,80.58,1934.0,24,2007,1,88.29,80.88,84.04,,,,
31,MEK Hussey,41.0,caught,4,India,79.0,1975.0,25,2008,1,74.75,83.06,84.57,,,,
32,MEK Hussey,145.0,not out,4,India,84.8,2120.0,25,2008,0,83.62,91.25,88.77,,,,
33,MEK Hussey,0.0,caught,4,India,81.54,2120.0,26,2008,1,70.75,86.56,83.57,,,,
34,MEK Hussey,46.0,lbw,4,India,80.22,2166.0,27,2008,1,75.75,84.88,76.46,,,,
35,MEK Hussey,22.0,bowled,4,India,78.14,2188.0,28,2008,1,73.88,80.69,73.08,,,,
36,MEK Hussey,56.0,caught,4,West Indies,77.38,2244.0,29,2008,1,64.25,82.75,74.4,,,,
37,MEK Hussey,1.0,bowled,4,West Indies,74.83,2245.0,30,2008,1,47.88,80.5,72.12,,,,
38,MEK Hussey,10.0,caught,4,West Indies,72.74,2255.0,31,2008,1,39.89,69.75,67.64,,,,
39,MEK Hussey,40.0,caught,2,West Indies,71.72,2295.0,32,2008,1,44.11,66.88,68.0,71.72,,,
40,MEK Hussey,12.0,caught,4,West Indies,69.91,2307.0,33,2008,1,41.44,61.94,66.68,72.06,,,
41,MEK Hussey,18.0,caught,4,West Indies,68.38,2325.0,34,2008,1,38.89,55.76,67.16,71.72,,,
42,MEK Hussey,146.0,bowled,4,India,70.6,2471.0,35,2008,1,35.1,56.67,69.65,72.0,,,
43,MEK Hussey,31.0,bowled,4,India,69.5,2502.0,36,2008,1,38.2,52.67,67.96,69.82,,,
44,MEK Hussey,54.0,caught,4,India,69.08,2556.0,37,2008,1,39.0,55.33,67.23,65.44,,,
45,MEK Hussey,1.0,lbw,4,India,67.29,2557.0,38,2008,1,36.9,53.33,63.85,62.74,,,
46,MEK Hussey,53.0,bowled,4,India,66.92,2610.0,39,2008,1,36.6,48.89,65.0,63.6,,,
47,MEK Hussey,90.0,run out,4,India,67.5,2700.0,40,2008,1,45.5,46.56,67.04,64.51,,,
48,MEK Hussey,19.0,caught,5,India,66.32,2719.0,41,2008,1,46.4,43.32,60.77,61.57,,,
49,MEK Hussey,35.0,lbw,4,New Zealand,65.57,2754.0,42,2008,1,45.9,45.05,58.81,61.69,65.57,,
50,MEK Hussey,0.0,caught,4,New Zealand,64.05,2754.0,43,2008,1,44.7,43.16,55.31,60.4,65.55,,
51,MEK Hussey,70.0,caught,4,New Zealand,64.18,2824.0,44,2008,1,49.9,44.68,53.59,62.23,66.52,,
52,MEK Hussey,0.0,caught,4,South Africa,62.76,2824.0,45,2008,1,35.3,35.2,49.04,60.11,63.26,,
53,MEK Hussey,8.0,bowled,4,South Africa,61.57,2832.0,46,2008,1,33.0,35.6,45.64,58.25,61.26,,
54,MEK Hussey,0.0,caught,4,South Africa,60.26,2832.0,47,2008,1,27.6,33.3,45.43,56.22,56.84,,
55,MEK Hussey,2.0,caught,4,South Africa,59.04,2834.0,48,2008,1,27.7,32.3,44.18,53.81,54.96,,
56,MEK Hussey,30.0,caught,4,South Africa,58.45,2864.0,49,2009,1,25.4,31.0,40.5,54.0,55.11,,
57,MEK Hussey,45.0,not out,4,South Africa,59.37,2909.0,49,2009,0,23.22,34.95,38.78,55.77,56.07,,
58,MEK Hussey,4.0,caught,4,South Africa,58.26,2913.0,50,2009,1,21.56,34.63,36.32,50.69,53.39,,
59,MEK Hussey,0.0,caught,4,South Africa,57.12,2913.0,51,2009,1,17.67,32.53,36.25,48.23,52.68,,
60,MEK Hussey,50.0,bowled,4,South Africa,56.98,2963.0,52,2009,1,23.22,34.53,36.75,47.06,52.8,,
61,MEK Hussey,19.0,caught,4,South Africa,56.26,2982.0,53,2009,1,17.56,34.58,35.96,44.58,53.09,,
62,MEK Hussey,20.0,bowled,4,South Africa,55.59,3002.0,54,2009,1,19.78,27.95,30.41,41.92,52.04,,
63,MEK Hussey,39.0,caught,4,South Africa,55.29,3041.0,55,2009,1,23.22,28.37,31.76,40.19,51.24,,
64,MEK Hussey,3.0,caught,4,England,54.36,3044.0,56,2009,1,23.56,25.68,30.28,40.11,49.69,,
65,MEK Hussey,51.0,bowled,4,England,54.3,3095.0,57,2009,1,29.0,28.32,31.28,40.49,48.84,,
66,MEK Hussey,27.0,caught,4,England,53.83,3122.0,58,2009,1,28.67,26.95,30.28,37.62,48.93,,
67,MEK Hussey,0.0,bowled,4,England,52.92,3122.0,59,2009,1,21.3,22.21,30.24,34.05,48.11,,
68,MEK Hussey,64.0,caught,4,England,53.1,3186.0,60,2009,1,27.3,24.58,32.1,33.95,45.49,,
69,MEK Hussey,10.0,lbw,4,England,52.39,3196.0,61,2009,1,28.3,23.26,31.07,34.16,43.8,52.39,
70,MEK Hussey,0.0,lbw,4,England,51.55,3196.0,62,2009,1,23.3,23.26,30.66,33.21,41.78,52.38,
71,MEK Hussey,121.0,caught,4,England,52.65,3317.0,63,2009,1,33.5,25.95,34.21,35.32,42.17,53.89,
72,MEK Hussey,66.0,caught,4,West Indies,52.86,3383.0,64,2009,1,38.1,29.42,31.45,32.38,41.11,52.72,
73,MEK Hussey,41.0,caught,4,West Indies,52.68,3424.0,65,2009,1,38.3,31.16,31.79,33.44,39.79,52.03,
74,MEK Hussey,29.0,caught,4,West Indies,52.32,3453.0,66,2009,1,40.9,32.68,30.93,33.0,40.28,49.56,
75,MEK Hussey,82.0,caught,4,West Indies,52.76,3535.0,67,2009,1,44.0,36.89,33.72,34.54,41.23,49.59,
76,MEK Hussey,17.0,caught,4,West Indies,52.24,3552.0,68,2009,1,43.0,36.21,32.48,33.54,38.77,49.5,
77,MEK Hussey,82.0,lbw,4,Pakistan,52.67,3634.0,69,2009,1,51.2,36.25,32.21,35.62,37.7,49.88,
78,MEK Hussey,4.0,lbw,4,Pakistan,51.97,3638.0,70,2009,1,45.2,36.25,31.69,35.46,36.29,48.03,
79,MEK Hussey,28.0,caught,4,Pakistan,51.63,3666.0,71,2010,1,47.0,37.65,31.45,35.15,36.83,47.98,
80,MEK Hussey,134.0,not out,4,Pakistan,53.52,3800.0,71,2010,0,67.11,44.05,37.36,39.29,39.7,50.16,
81,MEK Hussey,6.0,caught,4,Pakistan,52.86,3806.0,72,2010,1,54.33,43.37,35.07,38.97,38.96,50.16,
82,MEK Hussey,13.0,not out,4,Pakistan,53.04,3819.0,72,2010,0,54.5,45.39,36.85,36.43,36.15,50.14,
83,MEK Hussey,4.0,caught,4,New Zealand,52.37,3823.0,73,2010,1,49.88,43.44,36.7,35.7,36.23,49.02,
84,MEK Hussey,22.0,caught,4,New Zealand,51.96,3845.0,74,2010,1,49.0,44.5,37.52,34.84,35.72,48.21,
85,MEK Hussey,67.0,caught,4,New Zealand,52.16,3912.0,75,2010,1,47.12,45.39,39.93,36.62,36.68,47.86,
86,MEK Hussey,56.0,not out,5,Pakistan,52.91,3968.0,75,2010,0,59.43,49.76,42.46,37.72,37.48,49.16,
87,MEK Hussey,0.0,caught,5,Pakistan,52.21,3968.0,76,2010,1,47.71,49.76,39.22,35.22,37.46,48.56,
88,MEK Hussey,5.0,lbw,5,Pakistan,51.6,3973.0,77,2010,1,47.86,46.29,39.26,34.83,37.35,45.71,
89,MEK Hussey,8.0,caught,5,Pakistan,51.04,3981.0,78,2010,1,45.0,46.18,39.56,34.08,36.65,44.45,
90,MEK Hussey,17.0,lbw,5,India,50.61,3998.0,79,2010,1,24.75,47.18,38.33,34.56,36.76,43.26,
91,MEK Hussey,28.0,lbw,5,India,50.32,4026.0,80,2010,1,27.5,41.71,38.67,33.39,36.98,42.05,
92,MEK Hussey,34.0,caught,5,India,50.12,4060.0,81,2010,1,26.78,39.82,39.19,34.33,34.54,40.77,
93,MEK Hussey,20.0,lbw,5,India,49.76,4080.0,82,2010,1,28.56,38.59,38.48,34.67,34.3,39.47,
94,MEK Hussey,195.0,caught,5,England,51.51,4275.0,83,2010,1,47.78,48.35,45.59,40.08,37.37,42.42,
95,MEK Hussey,93.0,caught,5,England,52.0,4368.0,84,2010,1,50.67,49.0,47.15,42.61,39.37,43.3,
96,MEK Hussey,52.0,caught,5,England,52.0,4420.0,85,2010,1,45.2,51.06,48.07,43.22,39.35,42.03,
97,MEK Hussey,61.0,caught,5,England,52.1,4481.0,86,2010,1,51.3,49.82,50.33,42.49,38.72,40.92,
98,MEK Hussey,116.0,caught,5,England,52.84,4597.0,87,2010,1,62.4,56.41,52.26,45.51,40.83,41.55,
99,MEK Hussey,8.0,caught,5,England,52.33,4605.0,88,2010,1,62.4,55.24,52.19,45.73,40.24,41.65,52.33
100,MEK Hussey,0.0,caught,5,England,51.74,4605.0,89,2010,1,60.7,44.72,52.19,44.38,40.24,41.09,52.32
101,MEK Hussey,33.0,bowled,5,England,51.53,4638.0,90,2011,1,61.2,46.22,48.93,44.76,39.43,40.97,52.36
102,MEK Hussey,12.0,caught,5,England,51.1,4650.0,91,2011,1,59.0,43.74,46.93,44.54,39.7,38.33,50.94
103,MEK Hussey,95.0,lbw,5,Sri Lanka,51.58,4745.0,92,2011,1,66.5,48.53,48.93,46.05,41.59,39.77,51.09
104,MEK Hussey,15.0,caught,5,Sri Lanka,51.18,4760.0,93,2011,1,48.5,48.16,48.41,46.38,41.91,39.3,49.21
105,MEK Hussey,142.0,caught,5,Sri Lanka,52.15,4902.0,94,2011,1,53.4,52.11,50.63,48.84,44.96,41.12,49.9
106,MEK Hussey,118.0,bowled,6,Sri Lanka,52.84,5020.0,95,2011,1,60.0,52.6,54.37,51.3,46.87,42.06,50.95
107,MEK Hussey,93.0,caught,6,Sri Lanka,53.26,5113.0,96,2011,1,63.2,57.25,54.78,53.81,46.89,43.45,51.33
108,MEK Hussey,1.0,caught,6,South Africa,52.72,5114.0,97,2011,1,51.7,57.05,54.67,52.11,46.83,43.32,50.0
109,MEK Hussey,0.0,caught,5,South Africa,52.18,5114.0,98,2011,1,50.9,56.65,53.63,51.84,46.83,42.71,49.66
110,MEK Hussey,20.0,bowled,6,South Africa,51.86,5134.0,99,2011,1,52.9,56.8,47.64,52.38,46.19,42.83,49.38
111,MEK Hussey,39.0,lbw,6,South Africa,51.73,5173.0,100,2011,1,53.5,57.35,48.82,50.16,46.62,43.15,49.75
112,MEK Hussey,15.0,caught,6,New Zealand,51.37,5188.0,101,2011,1,53.8,56.4,47.21,48.78,46.51,41.17,49.22
113,MEK Hussey,8.0,caught,6,New Zealand,50.94,5196.0,102,2011,1,45.1,55.8,47.34,47.89,45.85,40.82,48.49
114,MEK Hussey,0.0,lbw,6,New Zealand,50.45,5196.0,103,2011,1,43.6,46.05,46.59,47.11,45.79,40.0,47.7
115,MEK Hussey,0.0,caught,6,India,49.96,5196.0,104,2011,1,29.4,41.4,44.28,44.89,44.7,39.98,46.73
116,MEK Hussey,89.0,caught,6,India,50.33,5285.0,105,2011,1,26.5,43.25,43.9,46.84,46.02,40.53,47.45
117,MEK Hussey,150.0,not out,6,India,51.76,5435.0,105,2012,0,35.78,50.21,50.59,50.03,50.28,42.08,49.21
118,MEK Hussey,14.0,caught,6,India,51.41,5449.0,106,2012,1,37.22,44.84,50.9,50.31,49.2,42.0,47.36
119,MEK Hussey,25.0,run out,6,India,51.16,5474.0,107,2012,1,40.0,45.74,51.48,50.22,49.52,41.85,46.69
120,MEK Hussey,15.0,lbw,6,India,50.82,5489.0,108,2012,1,39.44,46.53,51.41,45.65,49.85,42.08,45.86
121,MEK Hussey,48.0,caught,6,West Indies,50.8,5537.0,109,2012,1,40.44,47.32,52.1,46.78,48.26,41.74,45.22
122,MEK Hussey,32.0,bowled,6,West Indies,50.63,5569.0,110,2012,1,42.33,48.37,52.03,46.05,47.52,42.23,44.28
123,MEK Hussey,73.0,caught,6,West Indies,50.83,5642.0,111,2012,1,49.56,47.21,53.86,47.87,48.22,43.23,43.96
124,MEK Hussey,24.0,bowled,6,West Indies,50.59,5666.0,112,2012,1,52.22,47.68,47.97,47.92,48.11,43.6,44.15
125,MEK Hussey,10.0,caught,6,West Indies,50.23,5676.0,113,2012,1,53.33,40.74,45.1,46.42,46.54,43.72,43.86
126,MEK Hussey,32.0,caught,6,West Indies,50.07,5708.0,114,2012,1,47.0,36.21,44.41,44.62,46.87,43.75,42.77
127,MEK Hussey,100.0,caught,6,South Africa,50.5,5808.0,115,2012,1,37.3,36.58,45.76,47.18,47.26,43.92,42.43
128,MEK Hussey,103.0,bowled,6,South Africa,50.96,5911.0,116,2012,1,46.2,41.95,45.31,49.69,49.41,45.42,42.71
129,MEK Hussey,54.0,caught,7,South Africa,50.98,5965.0,117,2012,1,49.1,44.79,46.9,50.87,49.98,46.24,43.27
130,MEK Hussey,12.0,caught,7,South Africa,50.65,5977.0,118,2012,1,48.8,44.37,47.31,50.74,46.32,45.67,43.01
131,MEK Hussey,26.0,caught,6,South Africa,50.45,6003.0,119,2012,1,46.6,43.68,47.07,50.69,46.74,45.77,42.85
132,MEK Hussey,115.0,not out,6,Sri Lanka,51.41,6118.0,119,2012,0,61.0,51.67,52.43,54.16,48.91,47.94,42.53
133,MEK Hussey,31.0,not out,7,Sri Lanka,51.67,6149.0,119,2012,0,63.38,56.06,52.0,55.92,50.57,48.56,43.32
134,MEK Hussey,34.0,caught,6,Sri Lanka,51.52,6183.0,120,2012,1,64.62,58.06,52.7,51.57,50.83,49.05,43.19
135,MEK Hussey,25.0,run out,5,Sri Lanka,51.31,6208.0,121,2013,1,66.5,59.53,48.37,49.73,49.91,48.64,43.23
136,MEK Hussey,27.0,not out,5,Sri Lanka,51.53,6235.0,121,2013,0,75.29,59.38,46.73,50.42,49.28,49.41,43.38
