,Name,Runs,Dismissal,Pos,Opposition,Ave,RunTally,DisTally,Date,Out,rolling10,rolling20,rolling30,rolling40,rolling50,rolling70,rolling100
0,MS Dhoni,30.0,caught,7,Sri Lanka,30.0,30.0,1,2005,1,,,,,,,
1,MS Dhoni,5.0,bowled,7,Sri Lanka,17.5,35.0,2,2005,1,,,,,,,
2,MS Dhoni,51.0,not out,8,Sri Lanka,43.0,86.0,2,2005,0,,,,,,,
3,MS Dhoni,49.0,lbw,7,Sri Lanka,45.0,135.0,3,2005,1,,,,,,,
4,MS Dhoni,14.0,lbw,7,Sri Lanka,37.25,149.0,4,2005,1,,,,,,,
5,MS Dhoni,148.0,stumped,6,Pakistan,59.4,297.0,5,2006,1,,,,,,,
6,MS Dhoni,13.0,caught,7,Pakistan,51.67,310.0,6,2006,1,,,,,,,
7,MS Dhoni,18.0,caught,7,Pakistan,46.86,328.0,7,2006,1,,,,,,,
8,MS Dhoni,5.0,caught,7,England,41.62,333.0,8,2006,1,,,,,,,
9,MS Dhoni,16.0,caught,5,England,38.78,349.0,9,2006,1,38.78,,,,,,
10,MS Dhoni,16.0,caught,6,England,36.5,365.0,10,2006,1,37.22,,,,,,
11,MS Dhoni,64.0,run out,6,England,39.0,429.0,11,2006,1,43.78,,,,,,
12,MS Dhoni,5.0,caught,8,England,36.17,434.0,12,2006,1,34.8,,,,,,
13,MS Dhoni,19.0,caught,7,West Indies,34.85,453.0,13,2006,1,31.8,,,,,,
14,MS Dhoni,69.0,caught,7,West Indies,37.29,522.0,14,2006,1,37.3,,,,,,
15,MS Dhoni,9.0,caught,7,West Indies,35.4,531.0,15,2006,1,23.4,,,,,,
16,MS Dhoni,29.0,lbw,7,West Indies,35.0,560.0,16,2006,1,25.0,,,,,,
17,MS Dhoni,20.0,caught,5,West Indies,34.12,580.0,17,2006,1,25.2,,,,,,
18,MS Dhoni,3.0,caught,7,West Indies,32.39,583.0,18,2006,1,25.0,,,,,,
19,MS Dhoni,19.0,bowled,7,West Indies,31.68,602.0,19,2006,1,25.3,31.68,,,,,
20,MS Dhoni,5.0,caught,7,South Africa,30.35,607.0,20,2006,1,24.2,30.37,,,,,
21,MS Dhoni,18.0,caught,7,South Africa,29.76,625.0,21,2006,1,19.6,31.05,,,,,
22,MS Dhoni,34.0,caught,7,South Africa,29.95,659.0,22,2006,1,22.5,28.65,,,,,
23,MS Dhoni,47.0,caught,7,South Africa,30.7,706.0,23,2006,1,25.3,28.55,,,,,
24,MS Dhoni,36.0,caught,6,Bangladesh,30.92,742.0,24,2007,1,22.0,29.65,,,,,
25,MS Dhoni,17.0,not out,6,Bangladesh,31.62,759.0,24,2007,0,25.33,24.32,,,,,
26,MS Dhoni,51.0,not out,6,Bangladesh,33.75,810.0,24,2007,0,31.25,27.78,,,,,
27,MS Dhoni,0.0,caught,8,England,32.4,810.0,25,2007,1,28.75,26.78,,,,,
28,MS Dhoni,76.0,not out,7,England,35.44,886.0,25,2007,0,43.29,32.53,,,,,
29,MS Dhoni,5.0,caught,7,England,34.27,891.0,26,2007,1,41.29,31.88,34.27,,,,
30,MS Dhoni,92.0,caught,7,England,36.41,983.0,27,2007,1,53.71,36.35,36.65,,,,
31,MS Dhoni,36.0,caught,7,England,36.39,1019.0,28,2007,1,56.29,34.71,37.85,,,,
32,MS Dhoni,57.0,caught,7,Pakistan,37.1,1076.0,29,2007,1,59.57,37.76,36.67,,,,
33,MS Dhoni,50.0,not out,7,Pakistan,38.83,1126.0,29,2007,0,70.0,42.06,38.12,,,,
34,MS Dhoni,37.0,bowled,3,Pakistan,38.77,1163.0,30,2007,1,70.17,40.06,39.0,,,,
35,MS Dhoni,0.0,lbw,7,Australia,37.52,1163.0,31,2007,1,57.71,39.5,33.31,,,,
36,MS Dhoni,11.0,caught,7,Australia,36.69,1174.0,32,2007,1,45.5,38.38,33.23,,,,
37,MS Dhoni,2.0,caught,7,Australia,35.64,1176.0,33,2008,1,45.75,37.25,32.62,,,,
38,MS Dhoni,35.0,lbw,7,Australia,35.62,1211.0,34,2008,1,36.11,39.25,33.77,,,,
39,MS Dhoni,19.0,lbw,7,Australia,35.14,1230.0,35,2008,1,37.67,39.25,33.88,35.14,,,
40,MS Dhoni,38.0,caught,8,Australia,35.22,1268.0,36,2008,1,31.67,41.31,34.73,35.37,,,
41,MS Dhoni,16.0,caught,7,Australia,34.7,1284.0,37,2008,1,29.44,41.19,32.88,35.69,,,
42,MS Dhoni,20.0,caught,7,Australia,34.32,1304.0,38,2008,1,25.33,40.31,33.46,33.83,,,
43,MS Dhoni,16.0,caught,7,South Africa,33.85,1320.0,39,2008,1,19.4,38.38,33.35,32.92,,,
44,MS Dhoni,14.0,caught,6,South Africa,33.35,1334.0,40,2008,1,17.1,37.0,31.23,32.92,,,
45,MS Dhoni,52.0,caught,6,South Africa,33.8,1386.0,41,2008,1,22.3,36.88,32.88,30.25,,,
46,MS Dhoni,32.0,stumped,7,South Africa,33.76,1418.0,42,2008,1,24.4,33.78,33.0,30.78,,,
47,MS Dhoni,9.0,bowled,7,Australia,33.19,1427.0,43,2008,1,25.1,34.28,32.58,30.53,,,
48,MS Dhoni,92.0,lbw,8,Australia,34.52,1519.0,44,2008,1,30.8,33.32,36.0,32.94,,,
49,MS Dhoni,68.0,not out,3,Australia,36.07,1587.0,44,2008,0,39.67,38.67,39.4,35.37,36.07,,
50,MS Dhoni,27.0,caught,7,Australia,35.87,1614.0,45,2008,1,38.44,35.06,40.28,35.69,36.0,,
51,MS Dhoni,56.0,bowled,7,Australia,36.3,1670.0,46,2008,1,42.89,36.17,41.8,35.46,37.16,,
52,MS Dhoni,55.0,caught,7,Australia,36.7,1725.0,47,2008,1,46.78,36.06,42.64,36.89,36.42,,
53,MS Dhoni,53.0,caught,7,England,37.04,1778.0,48,2008,1,50.89,34.32,42.88,37.86,36.51,,
54,MS Dhoni,29.0,caught,7,England,36.88,1807.0,49,2008,1,52.56,33.89,42.6,36.71,36.84,,
55,MS Dhoni,0.0,caught,7,England,36.14,1807.0,50,2008,1,46.78,33.89,40.31,36.46,33.56,,
56,MS Dhoni,47.0,caught,7,New Zealand,36.35,1854.0,51,2009,1,48.44,35.79,38.67,36.97,34.31,,
57,MS Dhoni,52.0,caught,7,New Zealand,36.65,1906.0,52,2009,1,53.22,38.42,40.59,37.89,35.07,,
58,MS Dhoni,56.0,not out,7,New Zealand,37.73,1962.0,52,2009,0,55.38,41.72,39.85,40.56,37.02,,
59,MS Dhoni,110.0,caught,7,Sri Lanka,39.09,2072.0,53,2009,1,53.89,46.78,43.74,43.24,39.16,,
60,MS Dhoni,4.0,bowled,7,Sri Lanka,38.44,2076.0,54,2009,1,51.33,44.89,40.48,43.21,38.89,,
61,MS Dhoni,100.0,not out,7,Sri Lanka,40.3,2176.0,54,2009,0,63.25,52.47,44.5,47.0,40.63,,
62,MS Dhoni,89.0,stumped,6,Bangladesh,41.18,2265.0,55,2010,1,67.5,56.53,45.73,48.67,42.58,,
63,MS Dhoni,6.0,caught,6,South Africa,40.55,2271.0,56,2010,1,61.62,55.94,42.41,47.42,42.28,,
64,MS Dhoni,25.0,caught,6,South Africa,40.28,2296.0,57,2010,1,61.12,56.59,41.96,47.09,41.26,,
65,MS Dhoni,132.0,not out,8,South Africa,42.6,2428.0,57,2010,0,88.71,65.12,48.65,50.58,45.17,,
66,MS Dhoni,33.0,bowled,7,Sri Lanka,42.43,2461.0,58,2010,1,86.71,65.19,49.5,48.56,45.26,,
67,MS Dhoni,4.0,bowled,7,Sri Lanka,41.78,2465.0,59,2010,1,79.86,64.88,49.58,48.68,44.88,,
68,MS Dhoni,76.0,caught,7,Sri Lanka,42.35,2541.0,60,2010,1,72.38,63.88,51.15,47.29,46.62,,
69,MS Dhoni,15.0,caught,7,Sri Lanka,41.9,2556.0,61,2010,1,60.5,57.0,51.0,47.57,46.52,41.9,
70,MS Dhoni,14.0,caught,7,Australia,41.45,2570.0,62,2010,1,61.75,56.24,50.08,45.34,46.74,41.64,
71,MS Dhoni,2.0,run out,8,Australia,40.83,2572.0,63,2010,1,44.0,53.06,49.54,44.37,46.36,41.59,
72,MS Dhoni,30.0,caught,7,Australia,40.66,2602.0,64,2010,1,37.44,51.59,49.92,43.6,46.26,40.58,
73,MS Dhoni,10.0,caught,7,New Zealand,40.18,2612.0,65,2010,1,37.89,49.06,49.69,41.28,45.38,39.95,
74,MS Dhoni,22.0,bowled,7,New Zealand,39.91,2634.0,66,2010,1,37.56,48.65,50.0,40.86,45.05,40.08,
75,MS Dhoni,14.0,caught,7,New Zealand,39.52,2648.0,67,2010,1,22.0,49.47,48.54,41.25,43.93,37.92,
76,MS Dhoni,98.0,caught,7,New Zealand,40.38,2746.0,68,2010,1,28.5,52.47,51.08,43.67,44.0,39.29,
77,MS Dhoni,33.0,lbw,7,South Africa,40.28,2779.0,69,2010,1,31.4,51.35,52.0,44.53,44.75,39.53,
78,MS Dhoni,90.0,caught,8,South Africa,40.99,2869.0,70,2010,1,32.8,50.39,51.92,46.06,44.07,40.9,
79,MS Dhoni,35.0,caught,7,South Africa,40.9,2904.0,71,2010,1,34.8,46.22,48.78,46.5,44.73,41.21,
80,MS Dhoni,21.0,caught,7,South Africa,40.62,2925.0,72,2010,1,35.5,47.17,48.56,46.03,43.16,41.29,
81,MS Dhoni,0.0,caught,7,South Africa,40.07,2925.0,73,2011,1,35.3,39.42,46.48,45.58,42.36,40.26,
82,MS Dhoni,0.0,caught,7,West Indies,39.53,2925.0,74,2011,1,32.3,34.74,44.44,45.03,41.09,40.18,
83,MS Dhoni,16.0,caught,7,West Indies,39.21,2941.0,75,2011,1,32.9,35.26,43.07,45.03,39.46,40.13,
84,MS Dhoni,2.0,caught,7,West Indies,38.72,2943.0,76,2011,1,30.9,34.05,42.07,44.69,38.7,39.05,
85,MS Dhoni,5.0,caught,7,West Indies,38.29,2948.0,77,2011,1,30.0,26.0,42.26,43.39,38.8,38.98,
86,MS Dhoni,74.0,caught,7,West Indies,38.74,3022.0,78,2011,1,27.6,28.05,43.26,44.56,40.17,39.71,
87,MS Dhoni,28.0,caught,7,England,38.61,3050.0,79,2011,1,27.1,29.25,42.37,45.08,40.74,39.84,
88,MS Dhoni,16.0,caught,7,England,38.33,3066.0,80,2011,1,19.7,26.25,39.43,42.97,40.33,40.05,
89,MS Dhoni,5.0,caught,7,England,37.91,3071.0,81,2011,1,16.7,25.75,35.68,40.11,40.02,39.82,
90,MS Dhoni,0.0,lbw,7,England,37.45,3071.0,82,2011,1,14.6,25.05,35.54,39.38,39.2,39.74,
91,MS Dhoni,77.0,caught,7,England,37.93,3148.0,83,2011,1,22.3,28.8,33.52,39.95,40.52,40.69,
92,MS Dhoni,74.0,not out,7,England,38.82,3222.0,83,2011,0,33.0,32.63,34.18,41.58,42.62,42.02,
93,MS Dhoni,17.0,caught,7,England,38.56,3239.0,84,2011,1,33.11,33.0,34.57,40.58,42.64,41.52,
94,MS Dhoni,3.0,caught,7,England,38.14,3242.0,85,2011,1,33.22,32.0,33.79,39.86,42.4,40.98,
95,MS Dhoni,0.0,bowled,7,West Indies,37.7,3242.0,86,2011,1,32.67,31.26,28.07,39.86,41.24,40.05,
96,MS Dhoni,0.0,not out,7,West Indies,37.7,3242.0,86,2011,0,27.5,27.56,27.89,39.66,41.45,39.23,
97,MS Dhoni,144.0,caught,8,West Indies,38.92,3386.0,87,2011,1,42.0,33.72,32.89,42.29,44.52,41.55,
98,MS Dhoni,8.0,bowled,7,West Indies,38.57,3394.0,88,2011,1,41.0,29.17,30.46,39.78,42.61,39.81,
99,MS Dhoni,13.0,caught,7,West Indies,38.28,3407.0,89,2011,1,42.0,27.94,30.39,37.08,40.44,39.94,38.28
100,MS Dhoni,6.0,caught,8,Australia,37.92,3413.0,90,2011,1,42.75,27.11,30.11,37.14,39.98,38.57,38.01
101,MS Dhoni,23.0,bowled,7,Australia,37.76,3436.0,91,2011,1,36.0,28.39,30.86,34.05,39.24,38.37,38.21
102,MS Dhoni,57.0,not out,7,Australia,38.38,3493.0,91,2012,0,33.88,33.41,33.0,34.11,40.18,38.98,38.28
103,MS Dhoni,2.0,caught,7,Australia,37.99,3495.0,92,2012,1,32.0,32.59,32.7,34.0,39.02,37.6,37.75
104,MS Dhoni,12.0,caught,7,Australia,37.71,3507.0,93,2012,1,33.12,33.18,32.33,33.64,38.64,37.21,37.73
105,MS Dhoni,2.0,caught,7,Australia,37.33,3509.0,94,2012,1,33.38,33.0,31.89,29.22,38.68,37.24,36.09
106,MS Dhoni,73.0,caught,7,New Zealand,37.71,3582.0,95,2012,1,37.78,32.94,30.96,30.3,39.27,38.22,36.76
107,MS Dhoni,62.0,lbw,7,New Zealand,37.96,3644.0,96,2012,1,28.67,34.94,32.04,31.86,39.5,39.17,37.26
108,MS Dhoni,48.0,not out,7,New Zealand,38.46,3692.0,96,2012,0,37.25,39.12,31.65,31.97,39.32,40.02,38.17
109,MS Dhoni,5.0,bowled,7,England,38.11,3697.0,97,2012,1,36.25,39.12,30.5,31.69,36.93,39.79,38.05
110,MS Dhoni,29.0,caught,7,England,38.02,3726.0,98,2012,1,39.12,40.94,30.81,32.11,37.5,39.65,38.19
111,MS Dhoni,6.0,caught,7,England,37.7,3732.0,99,2012,1,37.0,36.5,31.04,32.22,34.58,39.48,37.53
112,MS Dhoni,52.0,caught,7,England,37.84,3784.0,100,2012,1,32.33,33.06,33.04,32.83,33.76,40.0,38.07
113,MS Dhoni,0.0,caught,7,England,37.47,3784.0,101,2012,1,32.11,32.06,32.42,32.56,33.62,39.74,37.85
114,MS Dhoni,99.0,run out,6,England,38.07,3883.0,102,2012,1,41.78,37.71,36.15,34.69,35.27,41.11,38.19
115,MS Dhoni,224.0,caught,6,Australia,39.87,4107.0,103,2013,1,66.44,50.88,44.58,40.53,36.5,43.89,40.64
116,MS Dhoni,44.0,caught,6,Australia,39.91,4151.0,104,2013,1,63.22,50.5,43.42,39.03,36.74,44.08,40.81
117,MS Dhoni,4.0,lbw,6,Australia,39.57,4155.0,105,2013,1,56.78,42.72,42.5,38.22,36.74,44.0,40.62
118,MS Dhoni,18.0,not out,5,Australia,39.74,4173.0,105,2013,0,53.44,45.82,44.28,37.26,36.27,43.51,41.26
119,MS Dhoni,24.0,caught,6,Australia,39.59,4197.0,106,2013,1,55.56,46.47,45.04,36.94,36.47,42.1,41.32
120,MS Dhoni,12.0,not out,6,Australia,39.71,4209.0,106,2013,0,60.38,49.75,47.42,37.76,37.25,42.54,41.88
121,MS Dhoni,42.0,caught,7,West Indies,39.73,4251.0,107,2013,1,64.88,50.94,45.96,39.0,38.16,42.31,42.16
122,MS Dhoni,4.0,caught,7,West Indies,39.4,4255.0,108,2013,1,58.88,44.82,41.32,39.12,37.57,41.48,41.81
123,MS Dhoni,19.0,caught,7,South Africa,39.21,4274.0,109,2013,1,61.25,45.82,41.4,39.21,37.77,40.92,41.49
124,MS Dhoni,29.0,caught,7,South Africa,39.12,4303.0,110,2013,1,52.5,46.82,42.44,40.0,37.93,40.92,41.41
125,MS Dhoni,24.0,caught,7,South Africa,38.98,4327.0,111,2013,1,27.5,48.12,43.4,40.56,38.16,41.31,41.01
126,MS Dhoni,15.0,caught,7,South Africa,38.77,4342.0,112,2013,1,23.88,44.71,42.31,38.82,36.27,40.79,40.14
127,MS Dhoni,10.0,caught,7,New Zealand,38.51,4352.0,113,2014,1,24.62,41.65,37.15,38.29,35.75,40.1,40.25
128,MS Dhoni,39.0,bowled,7,New Zealand,38.52,4391.0,114,2014,1,24.22,38.83,38.35,38.97,34.59,39.18,39.38
129,MS Dhoni,68.0,caught,8,New Zealand,38.77,4459.0,115,2014,1,29.11,42.33,40.46,40.82,35.34,38.5,40.09
130,MS Dhoni,82.0,run out,6,England,39.15,4541.0,116,2014,1,33.2,45.28,43.38,43.24,36.73,39.76,39.98
131,MS Dhoni,11.0,bowled,6,England,38.91,4552.0,117,2014,1,30.1,45.56,42.92,41.29,36.98,37.71,39.7
132,MS Dhoni,1.0,caught,6,England,38.58,4553.0,118,2014,1,29.8,42.72,39.26,38.03,37.0,36.32,39.07
133,MS Dhoni,19.0,caught,6,England,38.42,4572.0,119,2014,1,29.8,43.78,39.89,38.09,37.07,36.52,38.29
134,MS Dhoni,50.0,caught,7,England,38.52,4622.0,120,2014,1,31.9,41.06,41.3,39.43,38.16,36.92,38.43
135,MS Dhoni,6.0,caught,7,England,38.25,4628.0,121,2014,1,30.1,28.94,41.44,39.6,38.18,34.38,38.5
136,MS Dhoni,71.0,caught,6,England,38.52,4699.0,122,2014,1,35.7,30.44,41.37,40.47,38.11,34.97,39.17
137,MS Dhoni,27.0,caught,6,England,38.42,4726.0,123,2014,1,37.4,31.72,40.07,37.22,38.09,35.33,39.44
138,MS Dhoni,82.0,caught,6,England,38.77,4808.0,124,2014,1,41.7,33.42,39.86,39.28,39.59,35.42,39.97
139,MS Dhoni,0.0,caught,6,England,38.46,4808.0,125,2014,1,34.9,32.16,39.68,38.92,39.48,35.19,39.76
140,MS Dhoni,33.0,caught,7,Australia,38.42,4841.0,126,2014,1,30.0,31.6,39.82,39.67,40.23,35.48,39.7
141,MS Dhoni,0.0,lbw,7,Australia,38.12,4841.0,127,2014,1,28.9,29.5,39.61,39.03,38.48,35.45,39.52
142,MS Dhoni,11.0,caught,7,Australia,37.91,4852.0,128,2014,1,29.9,29.85,38.14,36.73,36.22,35.16,39.42
143,MS Dhoni,24.0,not out,7,Australia,38.09,4876.0,128,2014,0,33.78,31.68,40.44,38.36,37.2,35.94,39.96
