,Name,Runs,Dismissal,Pos,Opposition,Ave,RunTally,DisTally,Date,Out,rolling10,rolling20,rolling30,rolling40,rolling50,rolling70,rolling100
0,NJ Astle,18.0,lbw,5,Zimbabwe,18.0,18.0,1,1996,1,,,,,,,
1,NJ Astle,32.0,caught,5,Zimbabwe,25.0,50.0,2,1996,1,,,,,,,
2,NJ Astle,14.0,caught,5,Zimbabwe,21.33,64.0,3,1996,1,,,,,,,
3,NJ Astle,13.0,caught,5,Zimbabwe,19.25,77.0,4,1996,1,,,,,,,
4,NJ Astle,54.0,caught,5,West Indies,26.2,131.0,5,1996,1,,,,,,,
5,NJ Astle,125.0,caught,4,West Indies,42.67,256.0,6,1996,1,,,,,,,
6,NJ Astle,103.0,caught,5,West Indies,51.29,359.0,7,1996,1,,,,,,,
7,NJ Astle,8.0,caught,4,West Indies,45.88,367.0,8,1996,1,,,,,,,
8,NJ Astle,0.0,lbw,5,Pakistan,40.78,367.0,9,1996,1,,,,,,,
9,NJ Astle,3.0,lbw,5,Pakistan,37.0,370.0,10,1996,1,37.0,,,,,,
10,NJ Astle,11.0,caught,5,Pakistan,34.64,381.0,11,1996,1,36.3,,,,,,
11,NJ Astle,1.0,lbw,6,Pakistan,31.83,382.0,12,1996,1,33.2,,,,,,
12,NJ Astle,10.0,caught,5,England,30.15,392.0,13,1997,1,32.8,,,,,,
13,NJ Astle,102.0,not out,6,England,38.0,494.0,13,1997,0,46.33,,,,,,
14,NJ Astle,36.0,caught,5,England,37.86,530.0,14,1997,1,44.33,,,,,,
15,NJ Astle,4.0,caught,7,England,35.6,534.0,15,1997,1,30.89,,,,,,
16,NJ Astle,15.0,caught,5,England,34.31,549.0,16,1997,1,21.11,,,,,,
17,NJ Astle,5.0,caught,5,England,32.59,554.0,17,1997,1,20.78,,,,,,
18,NJ Astle,27.0,bowled,5,Sri Lanka,32.28,581.0,18,1997,1,23.78,,,,,,
19,NJ Astle,0.0,lbw,5,Sri Lanka,30.58,581.0,19,1997,1,23.44,30.58,,,,,
20,NJ Astle,52.0,caught,5,Sri Lanka,31.65,633.0,20,1997,1,28.0,32.37,,,,,
21,NJ Astle,7.0,caught,5,Zimbabwe,30.48,640.0,21,1997,1,28.67,31.05,,,,,
22,NJ Astle,0.0,caught,5,Zimbabwe,29.09,640.0,22,1997,1,27.56,30.32,,,,,
23,NJ Astle,96.0,caught,5,Zimbabwe,32.0,736.0,23,1997,1,24.2,34.68,,,,,
24,NJ Astle,21.0,caught,5,Zimbabwe,31.54,757.0,24,1997,1,22.7,32.95,,,,,
25,NJ Astle,12.0,run out,3,Australia,30.76,769.0,25,1997,1,23.5,27.0,,,,,
26,NJ Astle,14.0,caught,3,Australia,30.12,783.0,26,1997,1,23.4,22.32,,,,,
27,NJ Astle,12.0,caught,5,Australia,29.44,795.0,27,1997,1,24.1,22.53,,,,,
28,NJ Astle,19.0,lbw,6,Australia,29.07,814.0,28,1997,1,23.3,23.53,,,,,
29,NJ Astle,22.0,not out,7,Australia,29.86,836.0,28,1997,0,28.33,25.89,29.86,,,,
30,NJ Astle,40.0,caught,2,Australia,30.21,876.0,29,1997,1,27.0,27.5,30.64,,,,
31,NJ Astle,42.0,caught,5,Zimbabwe,30.6,918.0,30,1998,1,30.89,29.78,31.0,,,,
32,NJ Astle,114.0,caught,5,Zimbabwe,33.29,1032.0,31,1998,1,43.56,35.56,34.57,,,,
33,NJ Astle,30.0,caught,4,Sri Lanka,33.19,1062.0,32,1998,1,36.22,29.89,35.18,,,,
34,NJ Astle,34.0,caught,4,Sri Lanka,33.21,1096.0,33,1998,1,37.67,29.79,34.46,,,,
35,NJ Astle,53.0,caught,4,Sri Lanka,33.79,1149.0,34,1998,1,42.22,32.37,31.89,,,,
36,NJ Astle,13.0,bowled,4,Sri Lanka,33.2,1162.0,35,1998,1,42.11,32.26,28.68,,,,
37,NJ Astle,16.0,caught,4,Sri Lanka,32.72,1178.0,36,1998,1,42.56,32.84,28.96,,,,
38,NJ Astle,16.0,caught,4,Sri Lanka,32.27,1194.0,37,1998,1,42.22,32.26,29.54,,,,
39,NJ Astle,56.0,bowled,4,India,32.89,1250.0,38,1998,1,41.4,35.21,31.43,32.89,,,
40,NJ Astle,1.0,retired notout,4,India,32.92,1251.0,38,1998,0,41.67,34.33,32.22,33.32,,,
41,NJ Astle,41.0,caught,3,South Africa,33.13,1292.0,39,1999,1,41.56,36.22,33.7,33.57,,,
42,NJ Astle,69.0,not out,4,South Africa,34.9,1361.0,39,1999,0,41.12,42.41,37.27,36.03,,,
43,NJ Astle,44.0,caught,4,South Africa,35.12,1405.0,40,1999,1,42.88,39.35,33.74,36.89,,,
44,NJ Astle,20.0,bowled,4,South Africa,34.76,1425.0,41,1999,1,41.12,39.29,33.15,35.94,,,
45,NJ Astle,62.0,bowled,4,South Africa,35.4,1487.0,42,1999,1,42.25,42.24,35.3,34.19,,,
46,NJ Astle,26.0,caught,4,England,35.19,1513.0,43,1999,1,43.88,42.94,35.7,32.06,,,
47,NJ Astle,9.0,caught,4,England,34.59,1522.0,44,1999,1,43.0,42.76,35.85,32.08,,,
48,NJ Astle,43.0,caught,4,England,34.78,1565.0,45,1999,1,46.38,44.18,36.44,33.28,,,
49,NJ Astle,101.0,caught,4,England,36.22,1666.0,46,1999,1,52.0,46.11,40.19,36.0,36.22,,
50,NJ Astle,9.0,caught,4,England,35.64,1675.0,47,1999,1,47.11,44.39,38.59,35.94,36.02,,
51,NJ Astle,5.0,caught,4,England,35.0,1680.0,48,1999,1,43.11,42.33,38.52,36.06,35.43,,
52,NJ Astle,45.0,caught,5,India,35.2,1725.0,49,1999,1,36.4,38.5,40.19,37.03,36.11,,
53,NJ Astle,34.0,caught,5,India,35.18,1759.0,50,1999,1,35.4,38.72,37.89,34.19,36.57,,
54,NJ Astle,39.0,lbw,5,India,35.25,1798.0,51,1999,1,37.3,39.0,38.56,34.27,36.24,,
55,NJ Astle,0.0,caught,6,India,34.58,1798.0,52,1999,1,31.1,36.06,38.11,34.16,33.52,,
56,NJ Astle,74.0,caught,6,India,35.32,1872.0,53,1999,1,35.9,39.44,40.33,35.76,32.89,,
57,NJ Astle,48.0,caught,6,West Indies,35.56,1920.0,54,1999,1,39.8,41.22,41.67,36.92,33.76,,
58,NJ Astle,7.0,not out,4,West Indies,35.69,1927.0,54,1999,0,40.22,43.12,42.81,37.39,34.67,,
59,NJ Astle,93.0,run out,5,West Indies,36.73,2020.0,55,1999,1,39.33,45.29,43.85,39.97,36.67,,
60,NJ Astle,31.0,caught,6,Australia,36.62,2051.0,56,2000,1,41.78,44.44,43.52,39.39,37.11,,
61,NJ Astle,35.0,bowled,5,Australia,36.6,2086.0,57,2000,1,45.11,44.11,43.26,40.17,37.87,,
62,NJ Astle,61.0,caught,5,Australia,37.02,2147.0,58,2000,1,46.89,41.37,41.3,41.86,39.0,,
63,NJ Astle,14.0,bowled,5,Australia,36.63,2161.0,59,2000,1,44.67,39.79,40.7,39.58,36.24,,
64,NJ Astle,0.0,lbw,5,Australia,36.02,2161.0,60,2000,1,40.33,38.74,39.44,39.0,35.46,,
65,NJ Astle,26.0,caught,5,Australia,35.85,2187.0,61,2000,1,43.22,36.84,38.44,39.39,35.93,,
66,NJ Astle,0.0,caught,6,Zimbabwe,35.27,2187.0,62,2000,1,35.0,35.47,37.96,39.0,35.61,,
67,NJ Astle,27.0,caught,4,Zimbabwe,35.14,2214.0,63,2000,1,32.67,36.42,38.37,39.42,36.09,,
68,NJ Astle,86.0,run out,5,Zimbabwe,35.94,2300.0,64,2000,1,37.3,38.68,40.96,41.28,37.37,,
69,NJ Astle,37.0,caught,5,South Africa,35.95,2337.0,65,2000,1,31.7,35.32,40.26,40.57,38.17,35.95,
70,NJ Astle,8.0,bowled,5,South Africa,35.53,2345.0,66,2000,1,29.4,35.26,39.07,39.7,37.22,35.8,
71,NJ Astle,2.0,lbw,5,South Africa,35.03,2347.0,67,2000,1,26.1,35.11,37.68,38.62,37.11,35.34,
72,NJ Astle,18.0,caught,5,South Africa,34.78,2365.0,68,2000,1,21.8,33.68,34.62,36.03,37.5,35.4,
73,NJ Astle,12.0,caught,5,South Africa,34.45,2377.0,69,2000,1,21.6,32.53,33.52,35.54,35.67,35.38,
74,NJ Astle,141.0,caught,5,Zimbabwe,35.97,2518.0,70,2000,1,35.7,37.89,37.69,38.43,38.28,36.72,
75,NJ Astle,51.0,not out,4,Zimbabwe,36.7,2569.0,70,2000,0,42.44,42.83,38.64,39.44,40.0,36.14,
76,NJ Astle,0.0,bowled,5,Pakistan,36.18,2569.0,71,2001,1,42.44,38.72,37.71,39.08,39.69,34.53,
77,NJ Astle,1.0,bowled,6,Pakistan,35.69,2570.0,72,2001,1,39.56,36.11,37.43,38.67,39.44,34.42,
78,NJ Astle,6.0,caught,5,Pakistan,35.29,2576.0,73,2001,1,30.67,34.16,36.11,38.39,39.16,34.52,
79,NJ Astle,66.0,caught,5,Australia,35.7,2642.0,74,2001,1,33.89,32.74,34.86,38.67,39.26,35.5,
80,NJ Astle,49.0,caught,5,Australia,35.88,2691.0,75,2001,1,38.44,33.68,36.29,38.92,39.46,36.09,
81,NJ Astle,11.0,caught,5,Australia,35.55,2702.0,76,2001,1,39.44,32.42,36.5,38.11,38.78,36.25,
82,NJ Astle,156.0,not out,5,Australia,37.61,2858.0,76,2001,0,61.62,39.5,41.96,40.46,40.58,39.14,
83,NJ Astle,40.0,caught,6,Australia,37.64,2898.0,77,2001,1,65.12,40.94,42.19,40.35,40.8,37.56,
84,NJ Astle,5.0,caught,5,Bangladesh,37.22,2903.0,78,2001,1,48.12,41.22,40.93,39.95,40.16,37.08,
85,NJ Astle,10.0,lbw,6,England,36.87,2913.0,79,2002,1,38.22,40.33,41.3,38.54,39.2,37.17,
86,NJ Astle,222.0,caught,5,England,39.19,3135.0,80,2002,1,62.89,52.67,46.78,43.84,43.84,40.41,
87,NJ Astle,4.0,caught,5,England,38.75,3139.0,81,2002,1,63.22,51.39,45.15,43.7,43.58,40.39,
88,NJ Astle,11.0,not out,5,England,38.89,3150.0,81,2002,0,71.75,50.0,45.3,44.03,44.45,40.78,
89,NJ Astle,2.0,caught,5,England,38.44,3152.0,82,2002,1,63.75,47.94,41.93,41.28,43.23,40.81,
90,NJ Astle,65.0,caught,5,England,38.76,3217.0,83,2002,1,65.75,51.29,43.19,42.83,43.69,41.02,
91,NJ Astle,2.0,caught,5,West Indies,38.32,3219.0,84,2002,1,64.62,51.29,41.96,42.75,42.82,40.94,
92,NJ Astle,77.0,caught,5,West Indies,38.78,3296.0,85,2002,1,48.67,54.76,42.56,43.64,42.07,42.16,
93,NJ Astle,69.0,lbw,5,West Indies,39.13,3365.0,86,2002,1,51.89,58.12,44.59,44.61,42.61,41.73,
94,NJ Astle,0.0,caught,5,West Indies,38.68,3365.0,87,2002,1,51.33,49.82,44.59,43.53,42.17,41.4,
95,NJ Astle,41.0,caught,5,India,38.7,3406.0,88,2002,1,54.78,46.5,45.15,44.67,41.72,41.86,
96,NJ Astle,0.0,caught,5,India,38.27,3406.0,89,2002,1,30.11,46.5,45.15,42.61,41.15,41.63,
97,NJ Astle,14.0,caught,5,India,38.0,3420.0,90,2002,1,31.22,47.22,44.67,41.67,41.26,41.67,
98,NJ Astle,103.0,stumped,5,India,38.71,3523.0,91,2003,1,37.3,52.61,45.3,43.14,42.57,43.0,
99,NJ Astle,51.0,not out,8,India,39.27,3574.0,91,2003,0,46.89,54.82,47.58,43.17,42.4,43.46,39.27
100,NJ Astle,18.0,caught,5,India,39.04,3592.0,92,2003,1,41.67,53.0,47.96,42.81,42.6,43.11,39.27
101,NJ Astle,64.0,caught,3,England,39.31,3656.0,93,2004,1,48.56,56.12,50.35,43.61,43.91,43.46,39.63
102,NJ Astle,49.0,caught,7,England,39.41,3705.0,94,2004,1,45.44,47.06,51.54,43.28,44.0,42.43,40.01
103,NJ Astle,2.0,caught,4,England,39.02,3707.0,95,2004,1,38.0,44.94,51.15,42.94,43.29,41.98,39.89
104,NJ Astle,8.0,lbw,4,England,38.7,3715.0,96,2004,1,38.89,45.11,46.04,43.17,42.6,41.57,39.38
105,NJ Astle,15.0,bowled,4,England,38.45,3730.0,97,2004,1,36.0,45.39,43.0,42.86,42.93,40.97,38.18
106,NJ Astle,0.0,lbw,5,England,38.06,3730.0,98,2004,1,36.0,33.06,43.0,42.86,41.29,40.76,37.04
107,NJ Astle,11.0,caught,5,Bangladesh,37.79,3741.0,99,2004,1,35.67,33.44,43.37,42.42,40.47,40.68,37.08
108,NJ Astle,39.0,lbw,5,Bangladesh,37.8,3780.0,100,2004,1,28.56,33.16,44.59,41.11,40.28,41.05,37.51
109,NJ Astle,19.0,run out,5,Australia,37.61,3799.0,101,2004,1,22.5,34.05,42.85,40.61,38.67,40.46,37.68
110,NJ Astle,17.0,caught,5,Australia,37.41,3816.0,102,2004,1,22.4,31.53,41.67,40.86,38.37,40.08,37.75
111,NJ Astle,52.0,caught,5,Australia,37.55,3868.0,103,2004,1,21.2,34.16,43.19,42.25,38.74,40.25,38.31
112,NJ Astle,38.0,caught,5,Australia,37.56,3906.0,104,2004,1,20.1,32.11,37.43,42.81,38.24,39.15,38.62
113,NJ Astle,74.0,lbw,5,Australia,37.9,3980.0,105,2005,1,27.3,32.37,38.64,44.53,39.54,39.62,37.89
114,NJ Astle,21.0,bowled,5,Australia,37.75,4001.0,106,2005,1,28.6,33.47,39.21,41.19,40.0,39.63,37.73
115,NJ Astle,9.0,caught,5,Australia,37.48,4010.0,107,2005,1,28.0,31.79,39.18,38.95,39.63,38.82,37.78
116,NJ Astle,4.0,not out,5,Australia,37.51,4014.0,107,2005,0,31.56,33.78,32.56,40.14,40.6,39.08,38.08
117,NJ Astle,19.0,caught,5,Australia,37.34,4033.0,108,2005,1,32.44,34.06,33.11,40.64,40.42,39.23,38.23
118,NJ Astle,69.0,caught,5,Australia,37.63,4102.0,109,2005,1,35.78,32.17,34.0,42.39,40.04,39.64,38.69
119,NJ Astle,114.0,caught,5,Sri Lanka,38.33,4216.0,110,2005,1,46.33,33.79,38.0,43.72,41.76,39.84,39.95
120,NJ Astle,19.0,run out,6,Sri Lanka,38.15,4235.0,111,2005,1,46.56,33.84,36.36,42.89,42.0,40.0,39.58
121,NJ Astle,0.0,caught,5,Sri Lanka,37.81,4235.0,112,2005,1,40.78,30.47,36.29,42.58,41.96,39.92,39.51
122,NJ Astle,23.0,caught,5,Zimbabwe,37.68,4258.0,113,2005,1,39.11,29.11,34.36,37.84,42.07,39.58,39.76
123,NJ Astle,128.0,bowled,5,Zimbabwe,38.47,4386.0,114,2005,1,45.11,35.74,36.46,40.22,44.64,41.05,40.11
124,NJ Astle,51.0,caught,5,West Indies,38.58,4437.0,115,2006,1,48.44,38.0,38.29,41.46,42.64,41.23,40.44
125,NJ Astle,13.0,run out,7,West Indies,38.36,4450.0,116,2006,1,48.89,37.89,37.29,41.54,40.89,41.44,40.45
126,NJ Astle,65.0,caught,5,West Indies,38.59,4515.0,117,2006,1,50.1,41.32,39.61,37.3,42.3,41.3,41.01
127,NJ Astle,4.0,caught,5,South Africa,38.3,4519.0,118,2006,1,48.6,40.95,39.25,37.3,42.37,40.61,40.92
128,NJ Astle,2.0,caught,6,South Africa,37.99,4521.0,119,2006,1,41.9,39.0,35.64,36.08,42.28,39.91,40.74
129,NJ Astle,50.0,lbw,5,South Africa,38.09,4571.0,120,2006,1,35.5,40.63,34.38,37.34,41.93,39.25,40.6
130,NJ Astle,14.0,caught,4,South Africa,37.89,4585.0,121,2006,1,35.0,40.47,34.24,36.0,41.17,38.98,40.32
131,NJ Astle,20.0,caught,5,South Africa,37.75,4605.0,122,2006,1,37.0,38.79,32.72,36.47,41.37,38.75,40.08
132,NJ Astle,45.0,caught,5,South Africa,37.8,4650.0,123,2006,1,39.2,39.16,32.59,35.63,38.13,38.51,39.33
133,NJ Astle,2.0,lbw,5,Sri Lanka,37.52,4652.0,124,2006,1,26.6,35.37,32.59,33.87,37.32,38.32,39.02
134,NJ Astle,24.0,lbw,5,Sri Lanka,37.41,4676.0,125,2006,1,23.9,35.53,33.14,34.5,37.72,38.69,38.91
135,NJ Astle,17.0,bowled,5,Sri Lanka,37.25,4693.0,126,2006,1,24.3,35.95,33.21,33.87,37.87,38.55,38.52
136,NJ Astle,9.0,lbw,5,Sri Lanka,37.02,4702.0,127,2006,1,18.7,34.4,33.52,34.11,33.34,38.69,38.48
