,Name,Runs,Dismissal,Pos,Opposition,Ave,RunTally,DisTally,Date,Out,rolling10,rolling20,rolling30,rolling40,rolling50,rolling70,rolling100
0,Saleem Malik,12.0,bowled,3,Sri Lanka,12.0,12.0,1,1982,1,,,,,,,
1,Saleem Malik,100.0,not out,4,Sri Lanka,112.0,112.0,1,1982,0,,,,,,,
2,Saleem Malik,23.0,bowled,3,Sri Lanka,67.5,135.0,2,1982,1,,,,,,,
3,Saleem Malik,4.0,lbw,3,Sri Lanka,46.33,139.0,3,1982,1,,,,,,,
4,Saleem Malik,6.0,bowled,6,India,36.25,145.0,4,1982,1,,,,,,,
5,Saleem Malik,3.0,caught,3,India,29.6,148.0,5,1982,1,,,,,,,
6,Saleem Malik,107.0,bowled,6,India,42.5,255.0,6,1983,1,,,,,,,
7,Saleem Malik,6.0,bowled,6,India,37.29,261.0,7,1983,1,,,,,,,
8,Saleem Malik,5.0,caught,3,India,33.25,266.0,8,1983,1,,,,,,,
9,Saleem Malik,0.0,lbw,3,India,29.56,266.0,9,1983,1,29.56,,,,,,
10,Saleem Malik,0.0,not out,3,India,29.56,266.0,9,1983,0,31.75,,,,,,
11,Saleem Malik,77.0,caught,6,Australia,34.3,343.0,10,1983,1,25.67,,,,,,
12,Saleem Malik,35.0,caught,6,Australia,34.36,378.0,11,1983,1,27.0,,,,,,
13,Saleem Malik,14.0,bowled,8,Australia,32.67,392.0,12,1983,1,28.11,,,,,,
14,Saleem Malik,54.0,caught,8,Australia,34.31,446.0,13,1984,1,33.44,,,,,,
15,Saleem Malik,7.0,caught,7,Australia,32.36,453.0,14,1984,1,33.89,,,,,,
16,Saleem Malik,74.0,lbw,5,England,35.13,527.0,15,1984,1,30.22,,,,,,
17,Saleem Malik,11.0,run out,5,England,33.62,538.0,16,1984,1,30.78,,,,,,
18,Saleem Malik,116.0,caught,4,England,38.47,654.0,17,1984,1,43.11,,,,,,
19,Saleem Malik,76.0,caught,4,England,40.56,730.0,18,1984,1,51.56,40.56,,,,,
20,Saleem Malik,38.0,bowled,4,England,40.42,768.0,19,1984,1,50.2,42.0,,,,,
21,Saleem Malik,7.0,caught,4,England,38.75,775.0,20,1984,1,43.2,34.89,,,,,
22,Saleem Malik,45.0,caught,6,India,39.05,820.0,21,1984,1,44.2,36.05,,,,,
23,Saleem Malik,102.0,not out,6,India,43.9,922.0,21,1984,0,58.89,43.5,,,,,
24,Saleem Malik,10.0,lbw,6,New Zealand,42.36,932.0,22,1984,1,54.0,43.72,,,,,
25,Saleem Malik,24.0,not out,6,New Zealand,43.45,956.0,22,1984,0,62.88,47.53,,,,,
26,Saleem Malik,1.0,bowled,7,New Zealand,41.61,957.0,23,1984,1,53.75,41.29,,,,,
27,Saleem Malik,50.0,caught,6,New Zealand,41.96,1007.0,24,1984,1,58.62,43.88,,,,,
28,Saleem Malik,119.0,not out,6,New Zealand,46.92,1126.0,24,1984,0,67.43,53.75,,,,,
29,Saleem Malik,66.0,caught,6,New Zealand,47.68,1192.0,25,1985,1,66.0,57.88,47.68,,,,
30,Saleem Malik,41.0,not out,6,New Zealand,49.32,1233.0,25,1985,0,77.5,60.44,50.88,,,,
31,Saleem Malik,0.0,caught,4,New Zealand,47.42,1233.0,26,1985,1,76.33,55.62,44.84,,,,
32,Saleem Malik,0.0,lbw,8,New Zealand,45.67,1233.0,27,1985,1,68.83,53.44,43.92,,,,
33,Saleem Malik,9.0,bowled,6,New Zealand,44.36,1242.0,28,1985,1,45.71,53.12,44.12,,,,
34,Saleem Malik,22.0,lbw,6,Sri Lanka,43.59,1264.0,29,1985,1,47.43,51.12,44.76,,,,
35,Saleem Malik,4.0,bowled,5,Sri Lanka,42.27,1268.0,30,1985,1,39.0,50.94,44.8,,,,
36,Saleem Malik,54.0,caught,6,Sri Lanka,42.65,1322.0,31,1986,1,45.62,49.69,42.68,,,,
37,Saleem Malik,42.0,caught,6,Sri Lanka,42.62,1364.0,32,1986,1,44.62,51.62,44.12,,,,
38,Saleem Malik,30.0,caught,6,Sri Lanka,42.24,1394.0,33,1986,1,29.78,46.25,45.12,,,,
39,Saleem Malik,29.0,caught,6,Sri Lanka,41.85,1423.0,34,1986,1,25.67,43.31,46.28,41.85,,,
40,Saleem Malik,21.0,retired notout,6,West Indies,42.47,1444.0,34,1986,0,23.44,45.07,47.12,43.39,,,
41,Saleem Malik,3.0,not out,11,West Indies,42.56,1447.0,34,1986,0,26.75,48.0,46.0,40.45,,,
42,Saleem Malik,19.0,bowled,5,India,41.89,1466.0,35,1987,1,29.12,46.14,45.33,40.33,,,
43,Saleem Malik,6.0,not out,5,India,42.06,1472.0,35,1987,0,32.86,39.29,46.96,41.66,,,
44,Saleem Malik,0.0,lbw,5,India,40.89,1472.0,36,1987,1,29.71,38.57,44.61,41.47,,,
45,Saleem Malik,20.0,lbw,6,India,40.32,1492.0,37,1987,1,32.0,35.73,45.17,42.0,,,
46,Saleem Malik,10.0,caught,6,India,39.53,1502.0,38,1987,1,25.71,36.33,42.39,38.97,,,
47,Saleem Malik,20.0,caught,5,India,39.03,1522.0,39,1987,1,22.57,34.33,42.78,39.41,,,
48,Saleem Malik,14.0,not out,4,India,39.38,1536.0,39,1987,0,23.67,27.33,40.09,40.97,,,
49,Saleem Malik,33.0,bowled,3,India,39.22,1569.0,40,1987,1,24.33,25.13,38.14,42.03,39.22,,
50,Saleem Malik,33.0,bowled,4,India,39.07,1602.0,41,1987,1,22.57,23.06,37.91,41.75,39.75,,
51,Saleem Malik,6.0,run out,5,England,38.29,1608.0,42,1987,1,20.12,23.44,37.86,39.53,36.49,,
52,Saleem Malik,99.0,caught,6,England,39.7,1707.0,43,1987,1,30.12,29.62,40.32,41.53,38.34,,
53,Saleem Malik,24.0,caught,5,England,39.34,1731.0,44,1987,1,28.78,30.56,35.17,41.84,38.83,,
54,Saleem Malik,17.0,caught,5,England,38.84,1748.0,45,1987,1,30.67,30.25,35.48,40.69,39.1,,
55,Saleem Malik,102.0,caught,5,England,40.22,1850.0,46,1987,1,39.78,36.38,37.25,43.66,41.51,,
56,Saleem Malik,0.0,bowled,3,England,39.36,1850.0,47,1987,1,38.67,33.0,37.21,41.34,38.9,,
57,Saleem Malik,60.0,bowled,3,England,39.79,1910.0,48,1987,1,43.11,34.12,37.62,42.88,40.22,,
58,Saleem Malik,28.0,not out,3,England,40.38,1938.0,48,1987,0,44.67,36.27,33.83,41.42,41.8,,
59,Saleem Malik,55.0,caught,3,England,40.67,1993.0,49,1987,1,47.11,38.0,33.38,40.74,43.18,,
60,Saleem Malik,27.0,caught,5,West Indies,40.4,2020.0,50,1988,1,46.44,36.0,31.48,40.39,42.78,,
61,Saleem Malik,66.0,caught,6,West Indies,40.9,2086.0,51,1988,1,53.11,37.59,34.12,42.29,42.51,,
62,Saleem Malik,30.0,lbw,5,West Indies,40.69,2116.0,52,1988,1,45.44,38.24,35.32,41.81,42.39,,
63,Saleem Malik,15.0,bowled,5,West Indies,40.21,2131.0,53,1988,1,44.44,36.61,35.56,37.78,42.41,,
64,Saleem Malik,9.0,lbw,5,West Indies,39.63,2140.0,54,1988,1,43.56,37.11,35.04,37.75,41.32,,
65,Saleem Malik,45.0,caught,6,Australia,39.73,2185.0,55,1988,1,37.22,38.5,36.68,37.24,42.24,,
66,Saleem Malik,0.0,bowled,5,Australia,39.02,2185.0,56,1988,1,37.22,37.94,34.52,37.21,40.44,,
67,Saleem Malik,10.0,caught,5,Australia,38.51,2195.0,57,1988,1,31.67,37.39,33.24,36.0,40.41,,
68,Saleem Malik,26.0,caught,5,Australia,38.29,2221.0,58,1988,1,28.3,36.05,33.08,32.21,38.22,,
69,Saleem Malik,13.0,caught,5,Australia,37.86,2234.0,59,1988,1,24.1,35.0,32.44,30.65,36.68,37.86,
70,Saleem Malik,38.0,caught,5,New Zealand,37.87,2272.0,60,1989,1,25.2,35.26,31.85,29.69,36.68,38.31,
71,Saleem Malik,80.0,not out,6,New Zealand,39.2,2352.0,60,1989,0,29.56,41.33,34.81,32.91,39.42,37.97,
72,Saleem Malik,36.0,caught,5,India,39.15,2388.0,61,1989,1,30.22,37.83,35.46,33.97,39.2,38.19,
73,Saleem Malik,102.0,not out,6,India,40.82,2490.0,61,1989,0,44.88,44.65,39.15,37.82,39.2,40.53,
74,Saleem Malik,63.0,lbw,5,India,41.18,2553.0,62,1989,1,51.62,47.35,41.58,39.06,40.52,41.52,
75,Saleem Malik,55.0,caught,3,India,41.4,2608.0,63,1989,1,52.88,44.59,42.92,40.61,40.29,42.41,
76,Saleem Malik,34.0,caught,5,India,41.28,2642.0,64,1989,1,57.12,46.59,43.85,40.0,41.1,41.16,
77,Saleem Malik,11.0,caught,6,Australia,40.82,2653.0,65,1990,1,57.25,43.71,43.5,39.06,40.15,41.24,
78,Saleem Malik,65.0,not out,8,Australia,41.82,2718.0,65,1990,0,71.0,45.88,45.46,41.38,38.83,43.02,
79,Saleem Malik,43.0,caught,3,New Zealand,41.83,2761.0,66,1990,1,75.29,45.18,45.85,41.81,38.27,43.77,
80,Saleem Malik,6.0,lbw,3,New Zealand,41.3,2767.0,67,1990,1,70.71,43.94,44.81,40.09,36.52,43.12,
81,Saleem Malik,19.0,not out,3,New Zealand,41.58,2786.0,67,1990,0,62.0,43.75,47.12,40.58,37.88,42.86,
82,Saleem Malik,4.0,caught,3,New Zealand,41.03,2790.0,68,1990,1,57.43,42.12,43.32,40.12,37.98,42.32,
83,Saleem Malik,71.0,caught,4,New Zealand,41.46,2861.0,69,1990,1,46.38,45.62,45.2,40.85,39.49,43.32,
84,Saleem Malik,102.0,caught,5,West Indies,42.33,2963.0,70,1990,1,51.25,51.44,48.6,43.85,41.44,44.16,
85,Saleem Malik,30.0,not out,4,West Indies,42.76,2993.0,70,1990,0,55.0,53.87,47.62,45.48,43.12,45.36,
86,Saleem Malik,74.0,caught,5,West Indies,43.2,3067.0,71,1990,1,60.71,58.8,50.71,47.42,43.62,45.36,
87,Saleem Malik,71.0,bowled,4,West Indies,43.58,3138.0,72,1990,1,69.29,62.87,51.17,48.97,44.35,46.43,
88,Saleem Malik,8.0,caught,5,West Indies,43.1,3146.0,73,1990,1,53.5,61.67,48.32,47.35,43.8,44.5,
89,Saleem Malik,0.0,bowled,5,West Indies,42.51,3146.0,74,1990,1,48.12,60.8,46.12,46.38,43.08,43.14,
90,Saleem Malik,101.0,caught,4,Sri Lanka,43.29,3247.0,75,1991,1,60.0,65.0,49.08,48.38,43.98,44.27,
91,Saleem Malik,4.0,caught,5,Sri Lanka,42.78,3251.0,76,1992,1,51.67,56.19,46.6,48.32,42.95,44.21,
92,Saleem Malik,4.0,caught,4,Sri Lanka,42.27,3255.0,77,1992,1,51.67,54.19,45.56,45.53,42.6,43.48,
93,Saleem Malik,165.0,lbw,5,England,43.85,3420.0,78,1992,1,62.11,54.71,51.56,49.68,45.3,43.82,
94,Saleem Malik,55.0,caught,5,England,43.99,3475.0,79,1992,1,56.89,54.24,53.4,50.79,46.58,44.61,
95,Saleem Malik,12.0,caught,5,England,43.59,3487.0,80,1992,1,49.4,51.71,52.08,48.15,46.4,43.64,
96,Saleem Malik,34.0,bowled,6,England,43.47,3521.0,81,1992,1,45.4,51.71,53.44,49.15,46.95,44.21,
97,Saleem Malik,16.0,bowled,5,England,43.13,3537.0,82,1992,1,39.9,52.0,53.68,47.85,46.86,43.62,
98,Saleem Malik,82.0,not out,5,England,44.13,3619.0,82,1992,0,52.56,53.0,58.25,49.44,48.44,42.98,
99,Saleem Malik,84.0,not out,5,England,45.16,3703.0,82,1992,0,69.62,58.88,63.87,51.82,50.81,44.05,45.16
100,Saleem Malik,40.0,bowled,5,England,45.1,3743.0,83,1992,1,62.0,61.0,63.96,52.21,50.98,43.28,45.5
101,Saleem Malik,14.0,caught,5,New Zealand,44.73,3757.0,84,1993,1,63.25,57.12,58.54,50.64,51.17,43.52,43.92
102,Saleem Malik,0.0,caught,5,New Zealand,44.2,3757.0,85,1993,1,62.75,56.88,57.04,49.73,48.81,43.52,43.64
103,Saleem Malik,18.0,caught,5,New Zealand,43.9,3775.0,86,1994,1,44.38,53.76,51.4,49.82,48.67,43.67,43.81
104,Saleem Malik,11.0,caught,4,New Zealand,43.52,3786.0,87,1994,1,38.88,48.41,49.32,49.88,48.52,43.48,43.87
105,Saleem Malik,140.0,caught,5,New Zealand,44.61,3926.0,88,1994,1,54.88,51.83,52.72,52.76,49.43,45.83,45.52
106,Saleem Malik,18.0,bowled,4,New Zealand,44.31,3944.0,89,1994,1,52.88,48.72,52.08,53.3,49.86,45.21,44.45
107,Saleem Malik,23.0,caught,5,New Zealand,44.08,3967.0,90,1994,1,53.75,46.06,52.56,53.7,48.98,44.88,44.65
108,Saleem Malik,1.0,caught,4,Sri Lanka,43.6,3968.0,91,1994,1,38.78,45.67,48.08,52.94,47.21,44.38,44.6
109,Saleem Malik,50.0,not out,4,Sri Lanka,44.15,4018.0,91,1994,0,35.0,51.29,50.28,55.75,48.21,45.53,45.76
110,Saleem Malik,22.0,caught,5,Sri Lanka,43.91,4040.0,92,1994,1,33.0,46.65,50.92,55.25,48.1,44.76,45.47
111,Saleem Malik,26.0,lbw,4,Australia,43.72,4066.0,93,1994,1,34.33,47.94,49.23,51.94,47.14,44.39,44.86
112,Saleem Malik,43.0,caught,4,Australia,43.71,4109.0,94,1994,1,39.11,50.24,50.73,52.15,47.45,44.8,44.95
113,Saleem Malik,33.0,bowled,4,Australia,43.6,4142.0,95,1994,1,40.78,42.47,49.27,48.59,47.88,44.5,45.18
114,Saleem Malik,237.0,caught,4,Australia,45.61,4379.0,96,1994,1,65.89,53.18,54.46,53.71,53.31,48.45,47.39
115,Saleem Malik,75.0,caught,4,Australia,45.92,4454.0,97,1994,1,58.67,56.88,54.11,54.29,54.02,49.37,48.2
116,Saleem Malik,143.0,bowled,4,Australia,46.91,4597.0,98,1994,1,72.56,63.29,56.67,57.5,57.43,51.58,49.04
117,Saleem Malik,99.0,caught,4,South Africa,47.43,4696.0,99,1995,1,81.0,68.18,57.7,60.09,59.55,52.9,50.1
118,Saleem Malik,1.0,lbw,4,South Africa,46.97,4697.0,100,1995,1,81.0,59.89,57.44,56.54,58.95,51.82,48.71
119,Saleem Malik,32.0,caught,5,Zimbabwe,46.82,4729.0,101,1995,1,71.1,54.0,58.63,56.23,59.4,51.8,48.18
120,Saleem Malik,6.0,caught,4,Zimbabwe,46.42,4735.0,102,1995,1,69.5,52.21,55.11,56.23,58.64,51.36,47.8
121,Saleem Malik,44.0,bowled,5,Zimbabwe,46.4,4779.0,103,1995,1,71.3,53.79,56.59,55.36,56.44,51.98,48.24
122,Saleem Malik,20.0,caught,4,Zimbabwe,46.14,4799.0,104,1995,1,69.0,54.84,57.19,55.81,56.07,50.69,47.94
123,Saleem Malik,5.0,caught,4,Zimbabwe,45.75,4804.0,105,1995,1,66.2,54.16,51.26,53.97,52.59,50.38,46.21
124,Saleem Malik,0.0,caught,8,Australia,45.32,4804.0,106,1995,1,42.5,53.58,49.22,51.14,51.16,50.1,46.1
125,Saleem Malik,36.0,lbw,5,Australia,45.23,4840.0,107,1995,1,38.6,48.11,50.11,49.92,50.73,49.02,45.69
126,Saleem Malik,45.0,lbw,4,Australia,45.23,4885.0,108,1995,1,28.8,49.53,50.52,49.14,50.98,49.75,46.21
127,Saleem Malik,0.0,caught,5,New Zealand,44.82,4885.0,109,1995,1,18.9,48.32,49.93,47.22,50.73,48.77,45.62
128,Saleem Malik,21.0,caught,5,New Zealand,44.6,4906.0,110,1995,1,20.9,49.37,45.96,47.57,48.62,47.87,43.95
129,Saleem Malik,7.0,run out,5,England,44.26,4913.0,111,1996,1,18.4,44.75,41.72,47.76,47.82,47.1,43.27
130,Saleem Malik,27.0,not out,6,England,44.5,4940.0,111,1996,0,22.78,47.37,42.75,47.03,49.39,47.87,43.1
131,Saleem Malik,55.0,bowled,5,England,44.6,4995.0,112,1996,1,24.0,48.89,44.21,48.44,49.09,47.69,43.74
132,Saleem Malik,6.0,caught,5,England,44.26,5001.0,113,1996,1,22.44,46.95,44.43,48.5,49.13,47.3,43.81
133,Saleem Malik,100.0,not out,5,England,45.14,5101.0,113,1996,0,37.12,53.28,49.11,48.03,50.91,49.5,45.4
134,Saleem Malik,52.0,bowled,5,Zimbabwe,45.2,5153.0,114,1996,1,43.62,43.0,50.63,47.94,49.77,50.22,45.75
135,Saleem Malik,18.0,caught,4,Zimbabwe,44.97,5171.0,115,1996,1,41.38,39.83,46.11,48.11,48.4,49.77,45.92
136,Saleem Malik,21.0,caught,5,New Zealand,44.76,5192.0,116,1996,1,38.38,33.06,46.22,47.74,47.22,50.12,45.53
137,Saleem Malik,21.0,caught,6,New Zealand,44.56,5213.0,117,1996,1,41.0,28.72,46.15,47.89,46.11,50.3,45.28
138,Saleem Malik,78.0,bowled,6,New Zealand,44.84,5291.0,118,1996,1,48.12,33.0,49.0,46.44,47.67,51.17,45.85
139,Saleem Malik,58.0,run out,4,Sri Lanka,44.95,5349.0,119,1997,1,54.5,34.44,47.54,44.49,48.96,51.92,46.19
140,Saleem Malik,24.0,caught,4,Sri Lanka,44.78,5373.0,120,1997,1,48.11,35.44,47.61,44.05,47.24,51.68,45.69
141,Saleem Malik,155.0,caught,4,Sri Lanka,45.69,5528.0,121,1997,1,59.22,41.61,52.21,47.86,50.6,52.07,46.91
142,Saleem Malik,10.0,caught,5,Australia,45.39,5538.0,122,1998,1,59.67,41.06,51.04,48.14,50.73,51.64,46.8
143,Saleem Malik,52.0,not out,5,Australia,45.82,5590.0,122,1998,0,54.33,46.24,53.63,50.42,49.32,50.82,47.33
144,Saleem Malik,49.0,caught,5,Australia,45.85,5639.0,123,1998,1,54.0,49.12,46.67,51.47,49.18,50.59,47.9
145,Saleem Malik,0.0,caught,5,Australia,45.48,5639.0,124,1998,1,52.0,47.0,43.89,47.58,48.91,49.69,47.67
146,Saleem Malik,0.0,lbw,4,Australia,45.11,5639.0,125,1998,1,49.67,44.35,38.59,47.08,48.14,49.13,47.55
147,Saleem Malik,2.0,run out,4,Zimbabwe,44.77,5641.0,126,1998,1,47.56,44.47,35.0,46.5,47.82,48.98,47.34
148,Saleem Malik,8.0,bowled,6,India,44.48,5649.0,127,1999,1,39.78,43.71,35.26,46.69,45.11,47.27,46.74
149,Saleem Malik,32.0,caught,6,India,44.38,5681.0,128,1999,1,36.89,45.18,35.26,44.95,43.0,47.1,46.73
150,Saleem Malik,31.0,caught,6,India,44.28,5712.0,129,1999,1,37.67,42.89,36.19,45.19,42.8,47.5,46.7
151,Saleem Malik,15.0,bowled,7,India,44.05,5727.0,130,1999,1,22.11,40.67,35.11,44.89,42.83,46.68,46.81
152,Saleem Malik,32.0,caught,6,India,43.96,5759.0,131,1999,1,24.56,42.11,35.56,44.59,43.52,47.13,46.05
153,Saleem Malik,9.0,lbw,7,India,43.7,5768.0,132,1999,1,17.8,35.11,35.7,43.95,43.33,46.14,45.88
